=======================step=0==================
 RewardSeller: [-0.014517536425264885, 0.5008251306826143, 0.33802938453517856, 0.30082513068261424] 
 RewardBuyers: [-0.011453173464410426, 0.34197061546482144, 0.1791748693173858, 0.07917486931738572] 
 SellerAction: [0.6721262102659652, 0.37819989760323752, 0.33227015653914005, 0.60036983861479376] 
 BuyerAction: [0.61879487616108497, 0.64049762510490937, 0.6212804227504346, 0.6980717561279427] 
 SellersOriginalAction: [[0.49711931, 0.62720686], [0.51410365, 0.45704931], [0.59463054, 0.47956452], [0.44502872, 0.6517629]] 
 BuyerOriginalAction: [[0.55961311, 0.44963065], [0.48608986, 0.52507937], [0.46651316, 0.49350467], [0.39376378, 0.62484801]] 
 Seller_Noise: [[0.17500690274795982, 0.0680678262142278], [0.437349393643063, -0.07884941260412942], [-0.2623603828781268, -0.0957363722685734], [-0.05939190065169331, -0.05139306412187011]] 
 Buyer_noise: [[0.05918176752613625, -0.07691744240709786], [0.154407769672399, 0.35003953308125424], [0.19079145271405112, 0.12777574950786566], [0.14628035012877658, 0.07322374797211999]] 
 VarSellers [0, 0, 0, 0] 
 VarBuyers [0, 0, 0, 0]
=======================step=20==================
 RewardSeller: [0.3687794797374937, 0.2687794797374937, -0.010114529713039319, -0.01050639100859802] 
 RewardBuyers: [-0.01, 0.5112205202625063, 0.41122052026250633, -0.01] 
 SellerAction: [0.2798992228516452, 0.18550169927452781, 0.30701855588603238, 0.52503133306231387] 
 BuyerAction: [0.82222887343316886, 0.51221355679852432, 0.47765973662334227, 0.66612893013722441] 
 SellersOriginalAction: [[0.52072096, 0.69112623], [0.50177026, 0.55396783], [0.58055317, 0.53697497], [0.43268475, 0.61556309]] 
 BuyerOriginalAction: [[0.54369754, 0.44836861], [0.45006585, 0.51029307], [0.48226222, 0.47084814], [0.41997007, 0.61821264]] 
 Seller_Noise: [[0.054018018876658074, -0.4112270045272], [-0.07616483429594723, -0.3684661342444541], [-0.35485091140524505, -0.2299564106399991], [-0.022722177205805452, -0.09053176155362241]] 
 Buyer_noise: [[0.2785313374415001, 0.25486317450774615], [0.25037527750318833, 0.0019204902969068773], [0.22404566412898178, 0.006811593522603747], [0.24615886478192345, 0.04279727708708544]] 
 VarSellers [0, 0, 0, 0] 
 VarBuyers [0, 0, 0, 0]
=======================step=40==================
 RewardSeller: [-0.012044474528363672, 0.32753758241936615, 0.33059535528184897, -0.013278461911459408] 
 RewardBuyers: [0.449404644718151, 0.45246241758063382, -0.010153687091781181, -0.01258563336347238] 
 SellerAction: [0.45215865892003798, 0.40044713708161278, 0.25723490156087031, 0.87257854583099848] 
 BuyerAction: [0.82395580900282761, 0.45343348756411767, 0.67602940196111772, 0.19150876472918632] 
 SellersOriginalAction: [[0.51993895, 0.67736578], [0.50917816, 0.52985871], [0.61948377, 0.56159502], [0.428038, 0.63320315]] 
 BuyerOriginalAction: [[0.53634375, 0.4604162], [0.45155185, 0.51440483], [0.48560733, 0.4829326], [0.42256933, 0.61305094]] 
 Seller_Noise: [[-0.06778028685022569, -0.1136437166373071], [-0.10873102453948097, -0.18640002228343844], [-0.16177979595513603, -0.30436012111750493], [0.4445405447705127, 0.021627491663347712]] 
 Buyer_noise: [[-0.3175511967947494, 0.3635396112260332], [0.0018816329536745263, 0.2984370768157013], [0.23391823736822484, 0.1930968045623598], [0.10737369776834983, -0.42154217292340157]] 
 VarSellers [0, 0, 0, 0] 
 VarBuyers [0, 0, 0, 0]
=======================step=60==================
 RewardSeller: [0.44482184661432023, 0.3943307943479656, -0.011443730445140993, 0.14482184661432024] 
 RewardBuyers: [0.53517815338567976, 0.38566920565203444, 0.3351781533856798, -0.010024605012699391] 
 SellerAction: [0.18329768388972045, 0.28971664146872744, 0.57996453060002739, 0.30174370219704305] 
 BuyerAction: [0.57983582269175993, 0.71894494722720359, 0.52042676565029622, 0.65039655989813827] 
 SellersOriginalAction: [[0.49481332, 0.70059043], [0.5080505, 0.52739602], [0.65039963, 0.58017385], [0.43055862, 0.6231038]] 
 BuyerOriginalAction: [[0.55410504, 0.44227299], [0.44308433, 0.51036841], [0.5037331, 0.48847952], [0.41140944, 0.62446553]] 
 Seller_Noise: [[-0.3115156391312146, -0.6228512063151184], [-0.3254304145132605, -0.23767938180474055], [-0.07043509470133363, -0.0024545346496732123], [-0.12881491968634928, -0.21384443214938825]] 
 Buyer_noise: [[0.025730779280504993, -0.16207635857428032], [0.21283869100239738, 0.20857654045459], [0.016693667143368698, 0.2271490763901544], [0.07779174691994181, 0.025931034747839178]] 
 VarSellers [0, 0, 0, 0] 
 VarBuyers [0, 0, 0, 0]
=======================step=80==================
 RewardSeller: [-0.011171300528911019, 0.45559577883902935, -0.011066616386298854, 0.2955378503179012] 
 RewardBuyers: [-0.012209152782902124, 0.28446214968209882, -0.010917467699313189, 0.12440422116097062] 
 SellerAction: [0.34224268128201357, 0.44399629746965347, 0.52659093470255014, 0.32419694885785461] 
 BuyerAction: [0.52998374678080284, 0.7261125223722068, 0.49710270728955186, 0.68719526020840527] 
 SellersOriginalAction: [[0.49446765, 0.6624698], [0.51211554, 0.52930689], [0.62463552, 0.56194258], [0.43203929, 0.63304174]] 
 BuyerOriginalAction: [[0.53264171, 0.46807605], [0.48581576, 0.4996675], [0.51444858, 0.4812198], [0.42288777, 0.6124832]] 
 Seller_Noise: [[-0.1522249646015466, -0.6120441820755951], [-0.2081451777208531, -0.0853105911106688], [-0.0980445828946484, -0.20442989988384738], [-0.1078423418087256, -0.028984891887642972]] 
 Buyer_noise: [[0.1864526665527104, 0.06190769649927824], [0.2402967588986961, 0.26067713361827216], [0.11120025177240038, 0.015882908963059526], [0.11914083246036118, 0.07471205679730299]] 
 VarSellers [0, 0, 0, 0] 
 VarBuyers [0, 0, 0, 0]
=======================step=100==================
 RewardSeller: [0.6238802078346517, 0.53117926849862518, -0.010933845233801266, -0.010032231027772105] 
 RewardBuyers: [0.34882073150137483, 0.2561197921653483, -0.010765800924402201, -0.014069317115761957] 
 SellerAction: [0.5628571128645411, 0.10701127160260404, 0.5055888142261209, 0.35677237688533525] 
 BuyerAction: [0.87010841002549144, 0.70490330280476232, 0.52326891674367315, 0.062088006401983531] 
 SellersOriginalAction: [[0.51817232, 0.68436569], [0.50227571, 0.54515451], [0.60628337, 0.55473584], [0.42536789, 0.62335312]] 
 BuyerOriginalAction: [[0.53637838, 0.44734713], [0.46878928, 0.51601452], [0.48012173, 0.47749308], [0.41712415, 0.61610287]] 
 Seller_Noise: [[-0.05525692144154859, -0.12150857688994499], [-0.3952644337349204, -0.2593533589556935], [-0.10069455245402442, -0.1276111213136457], [-0.06859551490314739, -0.3219073882439088]] 
 Buyer_noise: [[0.33373002638901683, 0.25904425253012053], [0.2714013351547067, 0.18888878645115517], [0.2117923963243004, 0.04577583922711735], [-0.3550361457815492, 0.009135106455288575]] 
 VarSellers [0, 0, 0, 0] 
 VarBuyers [0, 0, 0, 0]
=======================step=120==================
 RewardSeller: [0.66065080965587719, -0.010576658633029494, 0.27571377503493405, -0.010039210009758876] 
 RewardBuyers: [0.31934919034412279, -0.010729663035669582, -0.010577194664039797, 0.20428622496506588] 
 SellerAction: [0.2796400129214911, 0.34013717601185678, 0.27189869807821282, 0.36261789661021498] 
 BuyerAction: [0.83822686539918545, 0.62987724352258245, 0.55975124057764714, 0.69952885199165538] 
 SellersOriginalAction: [[0.50525451, 0.6873557], [0.51267684, 0.53242975], [0.6121307, 0.54574555], [0.43016174, 0.62928534]] 
 BuyerOriginalAction: [[0.50469708, 0.48500121], [0.4924252, 0.51340812], [0.49733186, 0.48903665], [0.4108296, 0.62225664]] 
 Seller_Noise: [[-0.22561449414332824, -0.15939996673287116], [-0.17253965904826282, -0.12059943829045522], [-0.10728183461885366, -0.2738468535079383], [-0.06754384774594041, -0.14375660989725816]] 
 Buyer_noise: [[0.33352978097230557, 0.08026735065824349], [0.1963788335236686, 0.11646911907571356], [0.15538642361353944, 0.07071459111208625], [0.010750317866396025, 0.07727221537208752]] 
 VarSellers [0, 0, 0, 0] 
 VarBuyers [0, 0, 0, 0]
=======================step=0==================
 RewardSeller: [0.47453015079503197, 0.4454794198496129, -0.010190838857093853, -0.014119090815287578] 
 RewardBuyers: [0.50546984920496807, -0.015369945508879216, -0.010349085862314823, 0.13452058015038704] 
 SellerAction: [0.1752226708148088, 0.41279294099704289, 0.33814443785178344, 0.94180143465775901] 
 BuyerAction: [0.61709049935798477, 0.16720087958027574, 0.6131616039688782, 0.69816589870218293] 
 SellersOriginalAction: [[0.5035007, 0.64630735], [0.53692049, 0.50144696], [0.61215657, 0.55333722], [0.45062888, 0.60165644]] 
 BuyerOriginalAction: [[0.55764413, 0.46178597], [0.44820374, 0.51430368], [0.48230469, 0.4795813], [0.41247451, 0.62851715]] 
 Seller_Noise: [[-0.32827802918213944, -0.5282989101026414], [-0.04365367108631929, -0.08865402135952449], [-0.2740121321059497, -0.12099970181239511], [-0.06168526577625749, 0.34014499773759294]] 
 Buyer_noise: [[0.05944637055854628, 0.44614279856076455], [-0.28100286292384413, 0.36010010470168635], [0.18175694344475116, 0.13358030752493896], [0.13734276429805525, 0.0696487478232767]] 
 VarSellers [0, 0, 0, 0] 
 VarBuyers [0, 0, 0, 0]
=======================step=20==================
 RewardSeller: [-0.010716745345265306, 0.23710161126367604, -0.010105537790031826, -0.01050678783785978] 
 RewardBuyers: [-0.01, 0.5428983887363239, -0.016243426459322374, -0.01] 
 SellerAction: [0.2677210012803079, 0.18202353225893109, 0.30273158717348081, 0.52511948779698747] 
 BuyerAction: [0.82226684043224685, 0.51217969026842103, 0.0098464415493419444, 0.66616227763443858] 
 SellersOriginalAction: [[0.51292634, 0.6610558], [0.50700438, 0.53550065], [0.5945273, 0.52347636], [0.43301666, 0.61568671]] 
 BuyerOriginalAction: [[0.54379499, 0.44379258], [0.45012152, 0.51025903], [0.49580753, 0.47580269], [0.42024577, 0.61837763]] 
 Seller_Noise: [[-0.4551160410184337, -0.3933348020186423], [-0.0771570830947853, -0.3534771133785811], [-0.36788123977894716, -0.22074477505491275], [-0.022779016314904477, -0.090567226852213]] 
 Buyer_noise: [[0.27847185084637033, 0.25697737773661733], [0.2503442983553103, 0.0019206580189703828], [0.21449449653224903, -0.46595624824138376], [0.24591651099472908, 0.04271094422475231]] 
 VarSellers [0, 0, 0, 0] 
 VarBuyers [0, 0, 0, 0]
=======================step=40==================
 RewardSeller: [-0.012043943471337118, -0.010903818124014825, 0.517352393311795, 0.12744803937817506] 
 RewardBuyers: [0.2626476066882051, 0.45255196062182496, -0.012558381647824364, -0.01003547151366898] 
 SellerAction: [0.45209993047302255, 0.40063568051959925, 0.630571741627584, 0.3995229446003904] 
 BuyerAction: [0.82413304499600581, 0.45370165142579705, 0.29419552712294411, 0.64044203355639218] 
 SellersOriginalAction: [[0.51987141, 0.67740291], [0.50943494, 0.52956241], [0.61942995, 0.56110078], [0.42804983, 0.63311493]] 
 BuyerOriginalAction: [[0.536102, 0.46095943], [0.45182115, 0.51425803], [0.48599038, 0.48307279], [0.42239112, 0.61338454]] 
 Seller_Noise: [[-0.0677714832347106, -0.11364994667001516], [-0.10879925791118689, -0.1862715397481578], [-0.16175903836290173, 0.06947096066368634], [-0.028526887982083346, -0.31347343368051583]] 
 Buyer_noise: [[0.18923951186553956, 0.36317361048672847], [0.0018805030302587104, 0.29855069967442427], [0.23363323643556352, -0.18887726040032554], [-0.2589135283889128, 0.027057488706996403]] 
 VarSellers [0, 0, 0, 0] 
 VarBuyers [0, 0, 0, 0]
=======================step=60==================
 RewardSeller: [0.4847252338524794, 0.3954161415156302, -0.011443817569499413, 0.18472523385247941] 
 RewardBuyers: [0.49527476614752053, 0.3845838584843698, 0.29527476614752063, -0.010025001126198908] 
 SellerAction: [0.18337825318409828, 0.29124201766840718, 0.57997599522856869, 0.43389720218260613] 
 BuyerAction: [0.58003251288538604, 0.71959026536285309, 0.52079439028242513, 0.64999887381377519] 
 SellersOriginalAction: [[0.49503082, 0.70036626], [0.50821602, 0.53083241], [0.65041322, 0.58045936], [0.42623416, 0.62302756]] 
 BuyerOriginalAction: [[0.55431378, 0.44064814], [0.45153481, 0.51175714], [0.50412267, 0.48869169], [0.4121415, 0.62385994]] 
 Seller_Noise: [[-0.3116525671856222, -0.6226519080373596], [0.09957403486116881, -0.23959039219029646], [-0.07043721993180119, -0.0024563779773493777], [0.007663046289280307, -0.21379397687953455]] 
 Buyer_noise: [[0.02571873400812776, 0.3543705157319812], [0.20890232186782384, 0.20783312997161776], [0.016671715817245723, 0.22699437526227506], [0.07759441352074986, 0.026138931854394136]] 
 VarSellers [0, 0, 0, 0] 
 VarBuyers [0, 0, 0, 0]
=======================step=80==================
 RewardSeller: [-0.011191057567765682, 0.45566960595335415, -0.011070287614199691, 0.29560367276230243] 
 RewardBuyers: [-0.012374811210821587, 0.28439632723769759, -0.010915626053299715, 0.12433039404664582] 
 SellerAction: [0.34511701896105945, 0.44389418619066551, 0.5271525048352359, 0.32418969059798464] 
 BuyerAction: [0.51267965250550163, 0.72620966511843854, 0.49740686503165449, 0.68744502571604282] 
 SellersOriginalAction: [[0.49862045, 0.66461098], [0.51213062, 0.52917945], [0.62536567, 0.56203556], [0.43199968, 0.63286996]] 
 BuyerOriginalAction: [[0.53922099, 0.44849277], [0.48604715, 0.49959049], [0.51392752, 0.48153991], [0.4215458, 0.61419028]] 
 Seller_Noise: [[-0.15350343153561413, -0.6140223783912665], [-0.20815279409008147, -0.08528526765912697], [-0.09821316966046117, -0.20448241803680536], [-0.10780999278214234, -0.028969941684318157]] 
 Buyer_noise: [[0.1838278617626632, 0.06418688707886584], [0.2401625164139097, 0.2607272782794368], [0.1114031659337037, 0.015866959960395957], [0.11971779464750278, 0.07325474527857338]] 
 VarSellers [0, 0, 0, 0] 
 VarBuyers [0, 0, 0, 0]
=======================step=100==================
 RewardSeller: [0.625259513875773, 0.3212103767412211, -0.010784716352783026, 0.12121037674122116] 
 RewardBuyers: [0.55878962325877879, 0.25474048612422695, -0.010776872424338101, 0.2587896232587788] 
 SellerAction: [0.56311722300286926, 0.10716175638232683, 0.4801278909325214, 0.35675079699036721] 
 BuyerAction: [0.87593727316605885, 0.70740180474867698, 0.52127568740095531, 0.46312162520587286] 
 SellersOriginalAction: [[0.51852185, 0.68468195], [0.51090986, 0.5038656], [0.57243282, 0.49446672], [0.42532024, 0.62297285]] 
 BuyerOriginalAction: [[0.55718333, 0.44159493], [0.46865439, 0.52093202], [0.46764904, 0.47517014], [0.42169681, 0.61253905]] 
 Seller_Noise: [[-0.055294193771142974, -0.12156472899679505], [-0.40374809898342634, -0.23529785057663938], [-0.09230492509607358, -0.1059301723009228], [-0.06856944088461753, -0.3215288108593025]] 
 Buyer_noise: [[0.31875394787537886, 0.2617404764295957], [0.27148623112734577, 0.18646978599181055], [-0.15801715696206226, 0.046105551902908486], [0.04142481329142891, 0.009523151776595727]] 
 VarSellers [0, 0, 0, 0] 
 VarBuyers [0, 0, 0, 0]
=======================step=120==================
 RewardSeller: [0.66072269598760203, -0.010576499228473996, 0.2756962914344187, -0.010039295182240797] 
 RewardBuyers: [0.31927730401239796, -0.010732059885363628, -0.010578426468708652, 0.20430370856558122] 
 SellerAction: [0.27967940179387546, 0.34010398340593939, 0.27186412858255404, 0.36268586941312775] 
 BuyerAction: [0.83831267921348485, 0.62943394792331619, 0.55949501695211146, 0.69952845428628341] 
 SellersOriginalAction: [[0.50532568, 0.68775898], [0.51261979, 0.53269202], [0.61186123, 0.54557931], [0.43030304, 0.62913489]] 
 BuyerOriginalAction: [[0.50495982, 0.48472589], [0.49166584, 0.51277369], [0.49639085, 0.48870501], [0.41047543, 0.62219101]] 
 Seller_Noise: [[-0.2256462732168057, -0.15949348980990685], [-0.17251581000913016, -0.12067257956032196], [-0.10721168814664173, -0.2737151856493185], [-0.06761716775346771, -0.14369093114599493]] 
 Buyer_noise: [[0.33335285751243504, 0.0803102608824073], [0.19674471202163515, 0.1166602553154365], [0.15586952671707227, 0.07079000773008078], [0.010763484666038518, 0.07733744238061326]] 
 VarSellers [0, 0, 0, 0] 
 VarBuyers [0, 0, 0, 0]
=======================step=0==================
 RewardSeller: [0.5044642888051684, 0.4044642888051684, 0.30446428880516835, -0.013518440439529589] 
 RewardBuyers: [0.4755357111948316, -0.01, 0.27553571119483167, 0.17553571119483158] 
 SellerAction: [0.29765698368908067, 0.49080216513858244, 0.2494323868506173, 0.89316443247463762] 
 BuyerAction: [0.92374486416107726, 0.89709866378607739, 0.79451672348923819, 0.5381264124717543] 
 SellersOriginalAction: [[0.50486845, 0.71398896], [0.38327968, 0.50109339], [0.56135648, 0.48202923], [0.40973288, 0.69105166]] 
 BuyerOriginalAction: [[0.40820962, 0.47806716], [0.35730579, 0.4658823], [0.56673765, 0.55906761], [0.46633607, 0.51124036]] 
 Seller_Noise: [[-0.2160277136649636, -0.41633197610019546], [-0.14796501780145052, -0.01029122246517733], [0.052781236741710515, -0.2325968425519248], [-0.04729103211978349, 0.20211277050640644]] 
 Buyer_noise: [[0.3494414503206123, 0.4456777045083673], [0.5397928688317775, -0.38225742081823255], [-0.05630616715213432, 0.23544911656327386], [0.17020750615897262, 0.026886049350721548]] 
 VarSellers [0, 0, 0, 0] 
 VarBuyers [0, 0, 0, 0]
=======================step=20==================
 RewardSeller: [0.42742744603658644, 0.42598912891543184, -0.013741912351732246, 0.12742744603658646] 
 RewardBuyers: [0.5525725539634135, -0.011229963480477204, 0.25401087108456821, 0.2525725539634135] 
 SellerAction: [0.013651119719330862, 0.3834241953753133, 0.81171172554825577, 0.36401788682699299] 
 BuyerAction: [0.84256954810638829, 0.54929164816371934, 0.60137410043262551, 0.51083700524617992] 
 SellersOriginalAction: [[0.50962222, 0.65965348], [0.42242292, 0.46826679], [0.56938219, 0.47432515], [0.40951249, 0.68943256]] 
 BuyerOriginalAction: [[0.44550487, 0.4512507], [0.35260403, 0.46667394], [0.55927992, 0.51810861], [0.47674432, 0.49636394]] 
 Seller_Noise: [[-0.15027354414799726, -0.6460023651019887], [-0.038998720321784475, 0.27824267480941467], [0.2783147815264564, 0.3373865752968672], [0.12746151766072802, -0.3254146745705595]] 
 Buyer_noise: [[0.4595381955912623, 0.39131884596367283], [0.1966876166009142, 0.03813476525468309], [0.04209418176197119, 0.1184218457597493], [0.09779524850296996, 0.01447306739141312]] 
 VarSellers [0, 0, 0, 0] 
 VarBuyers [0, 0, 0, 0]
=======================step=40==================
 RewardSeller: [0.5218207218775279, 0.42182072187752795, 0.5409889044840952, 0.22182072187752794] 
 RewardBuyers: [0.23901109551590483, 0.3581792781224721, 0.2581792781224721, 0.158179278122472] 
 SellerAction: [0.41603034575242098, 0.21828170680619829, 0.46098478212841509, 0.46452814423367539] 
 BuyerAction: [0.87527638549367248, 0.59911329952138037, 0.74634833673421985, 0.69181079079783447] 
 SellersOriginalAction: [[0.51552802, 0.68312711], [0.4455573, 0.47863913], [0.56236035, 0.46235996], [0.42571592, 0.67726594]] 
 BuyerOriginalAction: [[0.44014791, 0.46107152], [0.3581976, 0.46592626], [0.56996316, 0.52621174], [0.48360956, 0.50633729]] 
 Seller_Noise: [[-0.13195863217404868, -0.2670967594836325], [0.21458537466910707, -0.2603574190177763], [-0.10137556418887617, -0.06302759431080338], [-0.10214589437845227, -0.21273779786303484]] 
 Buyer_noise: [[0.4351284789518482, 0.031776911794537455], [0.24186432430733953, 0.13318703976529211], [0.008448241458417514, 0.22013659814779407], [0.20862228725072743, 0.18547350575602542]] 
 VarSellers [0, 0, 0, 0] 
 VarBuyers [0, 0, 0, 0]
=======================step=60==================
 RewardSeller: [0.5537261942163626, -0.01, -0.01, -0.01] 
 RewardBuyers: [-0.013460287133137704, -0.012653750953140298, 0.22627380578363743, -0.010019194223397088] 
 SellerAction: [0.028594631665649461, 0.22738876583449733, 0.34898928421835435, 0.54601658993677882] 
 BuyerAction: [0.41175794666330562, 0.3848542970051777, 0.79306829245238264, 0.65618878751154286] 
 SellersOriginalAction: [[0.50747645, 0.71410435], [0.43516642, 0.47107056], [0.55968565, 0.46162012], [0.42302167, 0.67332923]] 
 BuyerOriginalAction: [[0.40379521, 0.48557961], [0.35125786, 0.50618827], [0.5373432, 0.54895067], [0.49077654, 0.48872644]] 
 Seller_Noise: [[-0.4788818173471069, -0.19340617405715543], [-0.2448198008516832, -0.24368179199822057], [-0.021683475069933067, -0.11263083797593582], [-0.09555973544382329, -0.1273126441864511]] 
 Buyer_noise: [[0.007962734156057692, 0.17395414650626947], [0.033596436344624725, 0.00912097601030081], [0.2557250884309288, 0.20028120750650913], [0.16541224866266585, 0.01851171464050904]] 
 VarSellers [0, 0, 0, 0] 
 VarBuyers [0, 0, 0, 0]
=======================step=80==================
 RewardSeller: [-0.01473828020354764, 0.3605243272572398, 0.2605243272572398, -0.011024484721006103] 
 RewardBuyers: [-0.01, 0.4194756727427602, -0.01, 0.21947567274276014] 
 SellerAction: [0.68835166910145851, 0.41897078362215484, 0.22674820168157039, 0.62007572869652328] 
 BuyerAction: [0.5387359601757179, 0.71669752509022377, 0.62543359054845582, 0.52207787089232471] 
 SellersOriginalAction: [[0.50066084, 0.67200989], [0.4307684, 0.4736385], [0.55907053, 0.46049464], [0.41857493, 0.67351961]] 
 BuyerOriginalAction: [[0.4352406, 0.46992576], [0.35587314, 0.48294997], [0.56673342, 0.49709326], [0.49407786, 0.50057161]] 
 Seller_Noise: [[-0.30569205768396573, 0.016341783790331788], [-0.1885587877078434, -0.05466772112142121], [-0.3436657652290293, -0.23374643580774845], [-0.04530776404429321, -0.0534438826621193]] 
 Buyer_noise: [[0.10349536364289624, 0.48394144915110127], [-0.07665897812162925, 0.23374755293751384], [0.058700170653283756, 0.16068642313885714], [0.13668451745707194, 0.02150626234892867]] 
 VarSellers [0, 0, 0, 0] 
 VarBuyers [0, 0, 0, 0]
=======================step=100==================
 RewardSeller: [-0.01, 0.58157251913331431, -0.01, -0.01] 
 RewardBuyers: [-0.011044285069634441, -0.010698383700827029, 0.098427480866685749, -0.010003836818942298] 
 SellerAction: [0.09884701841858401, 0.51590715780674679, 0.7915226800455154, 0.48003276320540966] 
 BuyerAction: [0.67684600116439186, 0.63573049725194752, 0.76685767398755755, 0.6804122003729407] 
 SellersOriginalAction: [[0.49947608, 0.69641209], [0.43124998, 0.48108369], [0.56175375, 0.46045461], [0.43301103, 0.64616752]] 
 BuyerOriginalAction: [[0.4093909, 0.48184747], [0.34762004, 0.4402945], [0.59572774, 0.47974905], [0.49396923, 0.49650919]] 
 Seller_Noise: [[-0.16877141227412285, -0.5975650680682324], [0.08465718164860467, -0.3395895391233958], [-0.12735659767610644, 0.33106806707516323], [-0.09571286273638233, -0.1661347535029644]] 
 Buyer_noise: [[0.26745510460563027, 0.0023166978093711417], [0.2881104570736486, 0.04720113541953294], [0.17112993226926534, 0.01797042243845834], [0.1864429685289923, 0.031172796783821562]] 
 VarSellers [0, 0, 0, 0] 
 VarBuyers [0, 0, 0, 0]
=======================step=120==================
 RewardSeller: [0.34453665645891823, -0.011338943368420904, -0.010139859318555246, -0.011023148801713026] 
 RewardBuyers: [-0.01, 0.5354633435410818, -0.01, -0.01] 
 SellerAction: [0.16084860081102892, 0.46591575101666566, 0.31826213195915476, 0.61986697261721568] 
 BuyerAction: [0.73177696260878544, 0.54822471210680757, 0.64158785038521216, 0.52231901849958262] 
 SellersOriginalAction: [[0.49824831, 0.70732248], [0.42819521, 0.46814683], [0.56824446, 0.47139385], [0.41428629, 0.68014503]] 
 BuyerOriginalAction: [[0.48311535, 0.45121711], [0.35923004, 0.46457341], [0.56003368, 0.53226799], [0.48411918, 0.48382276]] 
 Seller_Noise: [[0.2575936807397324, -0.5464738774833436], [-0.3159940879461507, -0.0022310797805297766], [-0.034896273342126916, -0.15313172146682483], [-0.014526948894694622, -0.06027805263608016]] 
 Buyer_noise: [[0.2486616173691462, 0.3091998893775745], [0.3158590182578384, 0.0836512989731864], [0.08155417137672831, 0.012126697388795508], [0.038199841634958626, 0.09092709268664105]] 
 VarSellers [0, 0, 0, 0] 
 VarBuyers [0, 0, 0, 0]
=======================step=140==================
 RewardSeller: [0.3902459493568853, 0.2902459493568853, 0.43325048128896443, -0.010889603740295571] 
 RewardBuyers: [-0.012156705828426036, 0.4897540506431147, 0.14674951871103559, 0.28975405064311466] 
 SellerAction: [0.15486459303448608, 0.33614076206348087, 0.32010209961769498, 0.5982622571321371] 
 BuyerAction: [0.53559653011351904, 0.7402427661685772, 0.78174264486236567, 0.46435113665028965] 
 SellersOriginalAction: [[0.50028211, 0.67220879], [0.43514252, 0.4748548], [0.56386518, 0.45912448], [0.40960103, 0.68289602]] 
 BuyerOriginalAction: [[0.451839, 0.46662235], [0.35292235, 0.45115402], [0.55606407, 0.50982594], [0.48860005, 0.50454676]] 
 Seller_Noise: [[-0.31175270630814383, -0.5173441929762561], [-0.2289328604360548, -0.1387140350613818], [-0.24376308516624054, 0.30896839998482645], [-0.03149173528079244, -0.08463376089612218]] 
 Buyer_noise: [[0.08375753012687054, 0.24141000450126734], [-0.31309843317651437, 0.28908874275968743], [0.22567857559127796, 0.09795818647916182], [0.07160159248197467, -0.040195624862466695]] 
 VarSellers [0, 0, 0, 0] 
 VarBuyers [0, 0, 0, 0]
=======================step=160==================
 RewardSeller: [0.55740040800033075, -0.01, 0.35740040800033074, 0.25740040800033076] 
 RewardBuyers: [0.42259959199966923, -0.01, 0.22259959199966928, 0.1225995919996692] 
 SellerAction: [0.28823091097703285, 0.68972804123160925, 0.49010629232831526, 0.32078298163467556] 
 BuyerAction: [0.9020658598165322, 0.66501075954655331, 0.60052645757405165, 0.69413187214035788] 
 SellersOriginalAction: [[0.50953943, 0.66288507], [0.43759361, 0.47202], [0.5626899, 0.46169984], [0.43965062, 0.63887143]] 
 BuyerOriginalAction: [[0.45219204, 0.46597025], [0.34474882, 0.4725315], [0.54620987, 0.53400046], [0.46152002, 0.50150245]] 
 Seller_Noise: [[-0.22130851439604454, -0.48913686396518624], [-0.1812491076297418, 0.21770804101226415], [-0.07258360806993913, -0.2075899240107178], [-0.11886764335578771, -0.08427210753723396]] 
 Buyer_noise: [[0.449873821518879, 0.12994534708480882], [0.26612035966036734, 0.19247926206806817], [0.05431658580510018, 0.10911536429678734], [0.232611855946968, 0.13116312521902007]] 
 VarSellers [0, 0, 0, 0] 
 VarBuyers [0, 0, 0, 0]
=======================step=180==================
 RewardSeller: [-0.018154407658156253, 0.5280484966849498, 0.36282169299006045, 0.32804849668494979] 
 RewardBuyers: [0.4171783070099395, 0.25195150331505023, 0.15195150331505025, -0.010068198036352108] 
 SellerAction: [0.90301758887389627, 0.37619509828609576, 0.32515546705871134, 0.39406641917943386] 
 BuyerAction: [0.82048791892140949, 0.74261224418731375, 0.76557900606831275, 0.61741789760964738] 
 SellersOriginalAction: [[0.50230449, 0.67662716], [0.4299973, 0.4699513], [0.56285959, 0.46349707], [0.42429155, 0.67834276]] 
 BuyerOriginalAction: [[0.42386171, 0.4808141], [0.3349171, 0.46319112], [0.58236533, 0.48614302], [0.49509019, 0.49156132]] 
 Seller_Noise: [[-0.2004476366016829, 0.22639042975524398], [-0.05380219685512433, -0.19831725817162996], [-0.05664179080667042, -0.13834160539955584], [-0.030225131933694777, -0.20845446828157882]] 
 Buyer_noise: [[-0.13038462347947577, 0.3396738196095809], [0.4076951459035461, 0.004083471811496075], [0.18321367203434671, 0.005469325141984239], [0.12232771101373059, 0.1414190616287061]] 
 VarSellers [0, 0, 0, 0] 
 VarBuyers [0, 0, 0, 0]
=======================step=200==================
 RewardSeller: [0.6329015511099144, -0.01, -0.012462241098359028, 0.33290155110991443] 
 RewardBuyers: [-0.012734193682570779, 0.2470984488900856, 0.1470984488900856, -0.010230334182421343] 
 SellerAction: [0.41762004911817724, 0.34817356080734829, 0.69620974379379408, 0.64074458111852195] 
 BuyerAction: [0.47710482096592449, 0.71981826825774942, 0.6450585211013069, 0.54823235442910001] 
 SellersOriginalAction: [[0.50620323, 0.67770839], [0.42880654, 0.47434562], [0.56627291, 0.46011022], [0.43557918, 0.6585812]] 
 BuyerOriginalAction: [[0.4027254, 0.49991894], [0.33570406, 0.44901535], [0.52548325, 0.53205454], [0.49464491, 0.50162464]] 
 Seller_Noise: [[-0.31286595454111654, -0.2600883382567007], [-0.08063298254287146, -0.24524481820160737], [-0.0652010870402549, 0.2360995264609541], [-0.053347092710592944, -0.017836616143288353]] 
 Buyer_noise: [[0.1400981764861762, -0.022814116717180977], [0.1683850508857056, 0.27080291910804544], [0.0629807962923409, 0.11300397760612862], [0.09081103256664302, 0.04660771062645717]] 
 VarSellers [0, 0, 0, 0] 
 VarBuyers [0, 0, 0, 0]
=======================step=220==================
 RewardSeller: [0.47018499670616376, 0.2855994893043532, 0.27018499670616375, -0.01037281254784867] 
 RewardBuyers: [0.50981500329383622, -0.014881036719812984, 0.30981500329383627, 0.29440051069564677] 
 SellerAction: [0.22746993339039007, 0.16058629536907137, 0.28637897058612072, 0.49308354353716144] 
 BuyerAction: [0.56324472218618227, 0.20135583307287375, 0.79067692672769518, 0.63061268323963504] 
 SellersOriginalAction: [[0.52842933, 0.68686569], [0.39674497, 0.47366366], [0.56987727, 0.47241601], [0.42509532, 0.70032948]] 
 BuyerOriginalAction: [[0.42079347, 0.4760609], [0.33760619, 0.43981549], [0.53786701, 0.52925336], [0.47112963, 0.49652499]] 
 Seller_Noise: [[-0.3009593960049041, -0.31891779734020514], [-0.04448378163619299, -0.3130773625345999], [-0.2834982962977294, -0.2144665207928307], [-0.12347640874676018, -0.20724593901822796]] 
 Buyer_noise: [[0.14245124846563173, 0.4816592364689372], [-0.1362503585622581, 0.2656159680537661], [0.25280991708795525, 0.2627587220791035], [0.04694848863914206, 0.13408769363468515]] 
 VarSellers [0, 0, 0, 0] 
 VarBuyers [0, 0, 0, 0]
=======================step=240==================
 RewardSeller: [0.68998049127258665, 0.31918705447732454, 0.48998049127258664, -0.010508607486779759] 
 RewardBuyers: [0.29001950872741333, 0.19001950872741336, -0.010774935955690682, 0.26081294552267537] 
 SellerAction: [0.057559189210716899, 0.21981014266029963, 0.39408012701239492, 0.52552327746371519] 
 BuyerAction: [0.98223492010271996, 0.83108064738409748, 0.52162328479366649, 0.63856396629434953] 
 SellersOriginalAction: [[0.54173845, 0.68341929], [0.40963292, 0.47456455], [0.57896572, 0.48316237], [0.46345675, 0.67041177]] 
 BuyerOriginalAction: [[0.42078424, 0.47585264], [0.32125032, 0.43943432], [0.56220442, 0.50452071], [0.48368037, 0.50361919]] 
 Seller_Noise: [[-0.48417926131647426, -0.030318119773593666], [-0.18785445588767094, -0.25475440964682927], [-0.18488559650216194, -0.16384651157175079], [-0.01418050375051505, -0.14488848811169372]] 
 Buyer_noise: [[0.5614506851021096, 0.03449813538434476], [0.5098303279032015, 0.17080231212608188], [0.15144809719495617, 0.017102570510676988], [0.06551062819095484, 0.13494477226358778]] 
 VarSellers [0, 0, 0, 0] 
 VarBuyers [0, 0, 0, 0]
=======================step=260==================
 RewardSeller: [0.7017010756332946, 0.38768563766229314, 0.5017010756332947, -0.011411724525870743] 
 RewardBuyers: [0.27829892436670534, 0.17829892436670536, 0.29231436233770691, -0.010136064170560812] 
 SellerAction: [0.63127404041474688, 0.31485797550477401, 0.23933497421208863, 0.67572922775194677] 
 BuyerAction: [0.83262504382736902, 0.79212811085184254, 0.57604035001551557, 0.5833534524467987] 
 SellersOriginalAction: [[0.52905852, 0.64084256], [0.42384809, 0.46525514], [0.57749116, 0.47571975], [0.43157145, 0.70468211]] 
 BuyerOriginalAction: [[0.4409436, 0.45601365], [0.31992707, 0.4559221], [0.55818629, 0.47484171], [0.48110509, 0.49528381]] 
 Seller_Noise: [[-0.11589950872230248, -0.009568516538683292], [-0.10899011705122572, -0.13027417497004842], [-0.29190897198931903, -0.23638477571543212], [-0.017026845860402526, -0.028952883988165534]] 
 Buyer_noise: [[0.40138362945975203, 0.3766113941252968], [0.2625524976181961, 0.3362060138841454], [0.01785405736720015, 0.11638444492430342], [0.054197024250601446, 0.08806964016232914]] 
 VarSellers [0, 0, 0, 0] 
 VarBuyers [0, 0, 0, 0]
=======================step=280==================
 RewardSeller: [0.5544451237944913, 0.4544451237944913, 0.3544451237944913, -0.01070113465181834] 
 RewardBuyers: [-0.01, 0.3255548762055087, 0.22555487620550874, 0.12555487620550865] 
 SellerAction: [0.48389981754659911, 0.12537162460904011, 0.27290839123185517, 0.56478947332141805] 
 BuyerAction: [0.54893793736300467, 0.64499043004238343, 0.77798398256640144, 0.64857587371547964] 
 SellersOriginalAction: [[0.53512973, 0.68009484], [0.42721674, 0.48014471], [0.57024103, 0.46867418], [0.45554698, 0.67783523]] 
 BuyerOriginalAction: [[0.41298392, 0.48569769], [0.31224912, 0.46053737], [0.55971187, 0.49309123], [0.50458336, 0.50404662]] 
 Seller_Noise: [[-0.4826494802617304, -0.1961950205957959], [-0.23598217141885347, -0.3547730847396385], [-0.016215334927824454, -0.19576579165999053], [-0.09861588404533461, -0.11304575273754192]] 
 Buyer_noise: [[0.13595401321253778, 0.13263296338055122], [0.18862994826373758, 0.18445305602276066], [0.16367438831586448, 0.2848927569423169], [0.01834216236966558, 0.1445292547770336]] 
 VarSellers [0, 0, 0, 0] 
 VarBuyers [0, 0, 0, 0]
=======================step=300==================
 RewardSeller: [-0.01, 0.40966653582831614, -0.01, -0.01] 
 RewardBuyers: [-0.013112997541115078, -0.011203405496380773, 0.27033346417168391, -0.01] 
 SellerAction: [0.24046832327949497, 0.36760659868849038, 0.24346323396927719, 0.67259193473983314] 
 BuyerAction: [0.44205757097034853, 0.55309864566698896, 0.58483508031681286, 0.014022622606316204] 
 SellersOriginalAction: [[0.52836061, 0.64891112], [0.43816036, 0.46824849], [0.58555162, 0.48683301], [0.42927223, 0.7054249]] 
 BuyerOriginalAction: [[0.40301481, 0.5012092], [0.32466933, 0.46855015], [0.55220145, 0.47722626], [0.49407214, 0.50608712]] 
 Seller_Noise: [[-0.1878194783508796, -0.4084427952278903], [-0.07055376117097617, -0.34014011602619976], [-0.28604005119362474, -0.24336977217429276], [-0.11837244353915359, -0.03283297008347008]] 
 Buyer_noise: [[0.039042762077144806, -0.02601429489706225], [0.2284293143548094, 0.09218243326602135], [0.03263363044574958, 0.28746819188431877], [0.15017621056605437, -0.49206450174137056]] 
 VarSellers [0, 0, 0, 0] 
 VarBuyers [0, 0, 0, 0]
=======================step=320==================
 RewardSeller: [0.4376536870456787, 0.33765368704567866, 0.40207892436213538, -0.010584176043324971] 
 RewardBuyers: [-0.017505354479964347, 0.4423463129543213, 0.34234631295432133, 0.077921075637864559] 
 SellerAction: [0.17010660283193435, 0.26906991751969012, 0.51626173607911152, 0.54169734035048278] 
 BuyerAction: [0.13366551032731322, 0.86860042259431891, 0.62623745657166729, 0.65314343362628846] 
 SellersOriginalAction: [[0.53490478, 0.65337682], [0.43365505, 0.48137924], [0.57562542, 0.47557443], [0.46511522, 0.66652948]] 
 BuyerOriginalAction: [[0.40189031, 0.50589144], [0.30903888, 0.45278797], [0.59070504, 0.47115305], [0.46303824, 0.50611866]] 
 Seller_Noise: [[-0.4539370266142392, -0.4832702148713127], [0.07649798786646002, -0.2123093232315764], [-0.05936368353758775, -0.10988909323292628], [-0.016918646387773684, -0.12483213629212589]] 
 Buyer_noise: [[-0.268224797337558, 0.17456463385925], [0.04504989967400589, 0.4158124570582014], [-0.5610105607916348, 0.1550844059105802], [0.19010519772350215, 0.11593920305068507]] 
 VarSellers [0, 0, 0, 0] 
 VarBuyers [0, 0, 0, 0]
=======================step=340==================
 RewardSeller: [-0.01157735602864581, 0.60607047243506251, 0.17089816951004416, -0.014191296890735231] 
 RewardBuyers: [0.27392952756493749, 0.5091018304899558, -0.010630465001924947, -0.010005929429416922] 
 SellerAction: [0.39715941744415545, 0.16332345572649298, 0.22663919347320066, 0.94740226217825574] 
 BuyerAction: [0.95296205102444942, 0.53515714554688776, 0.54890937852541244, 0.67564958025634314] 
 SellersOriginalAction: [[0.52391571, 0.66667759], [0.44828674, 0.48535472], [0.58536667, 0.4688611], [0.42949399, 0.70763564]] 
 BuyerOriginalAction: [[0.4143723, 0.50215018], [0.3197403, 0.50138521], [0.540869, 0.47833693], [0.49105489, 0.50047266]] 
 Seller_Noise: [[-0.059850456831592624, -0.26951817674072004], [-0.2849632862454766, 0.2772443149994489], [-0.03184705999226828, -0.24222190958466067], [-0.007836238229645145, 0.23976662108023325]] 
 Buyer_noise: [[0.5385897558832293, 0.39416475233727627], [0.40795574986191846, 0.03377193360230766], [0.008040380951559947, 0.13424834133544183], [0.18459468771636514, 0.14975212850725647]] 
 VarSellers [0, 0, 0, 0] 
 VarBuyers [0, 0, 0, 0]
=======================step=360==================
 RewardSeller: [-0.01, 0.57518667091898268, 0.47518667091898265, -0.01] 
 RewardBuyers: [0.30481332908101733, 0.20481332908101735, -0.01, -0.010000000005048238] 
 SellerAction: [0.27444886136252977, 0.2122685998362146, 0.52238071332755764, 0.64378492986469393] 
 BuyerAction: [0.75496065274387902, 0.85551483792320415, 0.18369565974179758, 0.69997753171521948] 
 SellersOriginalAction: [[0.52525806, 0.64858431], [0.4499253, 0.47788987], [0.58554828, 0.48612535], [0.41820914, 0.72734481]] 
 BuyerOriginalAction: [[0.40484098, 0.50652874], [0.30683285, 0.45796305], [0.57864833, 0.4723126], [0.48505563, 0.50708228]] 
 Seller_Noise: [[-0.028346010622259943, -0.374135444877552], [-0.23765670362295288, 0.5176438985695739], [-0.06316756834205906, -0.21980328015049272], [-0.04144744842498656, -0.08355988109798307]] 
 Buyer_noise: [[0.3501196767440468, 0.4584984293838876], [0.5486819879438035, -0.3741989359573139], [0.10647381544918418, -0.2886169396787499], [0.21492190627652935, 0.015963820473212136]] 
 VarSellers [0, 0, 0, 0] 
 VarBuyers [0, 0, 0, 0]
=======================step=380==================
 RewardSeller: [-0.019299389244258836, -0.010914797855323012, 0.48007349846625641, -0.010041911468988354] 
 RewardBuyers: [-0.01, 0.19992650153374358, -0.01, -0.01] 
 SellerAction: [0.96433340936933409, 0.40245625391501044, 0.25190943053845072, 0.36473906779399451] 
 BuyerAction: [0.9544087519546538, 0.87785809900674461, 0.72872817999601924, 0.65662858149621017] 
 SellersOriginalAction: [[0.53917503, 0.65469623], [0.4563961, 0.48515716], [0.58251899, 0.45952606], [0.44722924, 0.70916146]] 
 BuyerOriginalAction: [[0.40700313, 0.51409936], [0.31738836, 0.48142633], [0.55410594, 0.47459182], [0.47902909, 0.49233741]] 
 Seller_Noise: [[0.4251583757999982, 0.2323251162743382], [-0.053939848990262995, -0.2887414761393062], [-0.3306095642697463, -0.16668458584371929], [-0.0824901685703701, -0.08499329538952116]] 
 Buyer_noise: [[0.5866876835793507, 0.4403093924423247], [0.5604697432747805, 0.11433664571352814], [0.12259467963621812, 0.2541363585639056], [0.15232686955897862, 0.1642911758146001]] 
 VarSellers [0, 0, 0, 0] 
 VarBuyers [0, 0, 0, 0]
=======================step=400==================
 RewardSeller: [-0.012402022330866715, 0.41136213726587634, 0.3113621372658763, -0.011153551179166485] 
 RewardBuyers: [0.46863786273412367, -0.01, -0.01, 0.16863786273412362] 
 SellerAction: [0.49010430837391278, 0.24475444552460637, 0.46733812967773475, 0.63963968837085061] 
 BuyerAction: [0.62975635980312705, 0.77062414499545473, 0.56403718879373244, 0.57538614485401796] 
 SellersOriginalAction: [[0.54814672, 0.63829815], [0.43760976, 0.47796425], [0.5888834, 0.47645977], [0.43641388, 0.74483353]] 
 BuyerOriginalAction: [[0.41673911, 0.49083111], [0.3141126, 0.43327716], [0.52931017, 0.50496435], [0.47215459, 0.50103664]] 
 Seller_Noise: [[-0.14688506853721361, -0.14819384550334552], [-0.0021599771882681584, -0.23320980670889888], [-0.227525568330467, -0.009121641716994866], [-0.1320846094589712, -0.1051938406246633]] 
 Buyer_noise: [[0.22861717728652872, 0.1389252529019582], [0.4565115413310565, 0.040265286249017485], [0.034727021957947475, 0.08189517460180405], [0.07080447771176378, 0.07434950087208438]] 
 VarSellers [0, 0, 0, 0] 
 VarBuyers [0, 0, 0, 0]
=======================step=420==================
 RewardSeller: [0.5762495026407191, 0.51568714752942735, 0.41568714752942731, 0.27624950264071907] 
 RewardBuyers: [0.36431285247057266, 0.30375049735928095, 0.20375049735928097, 0.064312852470572626] 
 SellerAction: [0.10553819504767825, 0.4017426398088908, 0.53717694288450113, 0.5736515417942315] 
 BuyerAction: [0.77108365878219765, 0.77990968656501913, 0.59884746348720652, 0.66362009237725283] 
 SellersOriginalAction: [[0.54483855, 0.65782839], [0.44042197, 0.49145219], [0.59273088, 0.44879055], [0.43239999, 0.72551954]] 
 BuyerOriginalAction: [[0.44097733, 0.48584825], [0.30928433, 0.42930239], [0.54973221, 0.48713371], [0.48526579, 0.51275235]] 
 Seller_Noise: [[0.4127649803985239, -0.5522901955506189], [-0.03867932888961079, -0.39074804793318607], [-0.05555393689912924, 0.1642524037854847], [-0.05555793092915991, -0.15186799613148871]] 
 Buyer_noise: [[0.3301063238060014, 0.11745133425016187], [0.1631641668469695, 0.35060729217491293], [0.12539845021489673, 0.11171375191074474], [0.1783543009610846, 0.16235892578934477]] 
 VarSellers [0, 0, 0, 0] 
 VarBuyers [0, 0, 0, 0]
=======================step=440==================
 RewardSeller: [-0.012910544829032422, 0.35496983557210215, 0.2549698355721022, 0.1549698355721022] 
 RewardBuyers: [0.5250301644278978, 0.4250301644278978, -0.01, 0.22503016442789775] 
 SellerAction: [0.53949465512018024, 0.1513149821827463, 0.31818657782174264, 0.319462853669084] 
 BuyerAction: [0.61047681747512039, 0.79467092997428679, 0.62089215551182886, 0.61166784384251316] 
 SellersOriginalAction: [[0.55194932, 0.66279191], [0.44092199, 0.49937564], [0.59223998, 0.48099959], [0.43676507, 0.74474716]] 
 BuyerOriginalAction: [[0.3824431, 0.52226853], [0.29824996, 0.4459146], [0.58617109, 0.45751476], [0.49186853, 0.49460095]] 
 Seller_Noise: [[-0.11248653709859874, -0.12329725266714275], [-0.198790043098106, -0.3480606591632315], [-0.1992853575994473, -0.16281301114462698], [-0.021412434529730726, -0.4252843081961504]] 
 Buyer_noise: [[0.17457031740717, 0.08820828376845531], [0.390715331464034, 0.3487563336550882], [0.03472106490895409, 0.3043371557020856], [0.10271355231351383, 0.11706689217091282]] 
 VarSellers [0, 0, 0, 0] 
 VarBuyers [0, 0, 0, 0]
=======================step=460==================
 RewardSeller: [0.5039913857977527, -0.015665400360282959, 0.3039913857977527, 0.19537358644351616] 
 RewardBuyers: [0.47600861420224727, 0.38462641355648386, 0.2760086142022473, -0.010143975950312186] 
 SellerAction: [0.24077127242217256, 0.85268853852592708, 0.41115362625537666, 0.31633781866237726] 
 BuyerAction: [0.89209433975257402, 0.58638891549257566, 0.61682914534012878, 0.58001002112168465] 
 SellersOriginalAction: [[0.54308206, 0.61557859], [0.48915938, 0.50043696], [0.59635854, 0.45670474], [0.42812014, 0.76075399]] 
 BuyerOriginalAction: [[0.38885468, 0.50210863], [0.29834935, 0.43874511], [0.56529546, 0.45506361], [0.4984515, 0.50481367]] 
 Seller_Noise: [[-0.15223174371238346, -0.3748073194014053], [-0.05349806281105368, 0.35225157687507874], [-0.30245974430762057, -0.045551109500543724], [-0.11178231759860906, -0.37063258536758886]] 
 Buyer_noise: [[0.41338997051188914, 0.389985706234355], [0.28803956480173404, 0.16779224274052806], [0.1923271656446664, 0.16176553407113162], [0.19378738391456007, 0.0751963500096241]] 
 VarSellers [0, 0, 0, 0] 
 VarBuyers [0, 0, 0, 0]
=======================step=480==================
 RewardSeller: [-0.012758289210376177, 0.37265344331123607, 0.27265344331123603, 0.23551456402323562] 
 RewardBuyers: [0.4444854359767644, 0.40734655668876396, 0.30734655668876398, -0.010114778515918542] 
 SellerAction: [0.52519417460365803, 0.14698669801201603, 0.31037496222738187, 0.49687665455853586] 
 BuyerAction: [0.59415247348793532, 0.55648707806145925, 0.70214528295229872, 0.59286526430772246] 
 SellersOriginalAction: [[0.55807948, 0.65762514], [0.48760033, 0.49760866], [0.60963064, 0.4528026], [0.43075964, 0.754987]] 
 BuyerOriginalAction: [[0.3710517, 0.5248729], [0.29152989, 0.43666223], [0.54531193, 0.48778543], [0.49102902, 0.51321244]] 
 Seller_Noise: [[-0.032885306521219904, -0.5933169196583604], [-0.3406136285260699, -0.23867818751695488], [-0.2992556820940598, -0.058442588286353236], [-0.09527752837336953, -0.2581103468605315]] 
 Buyer_noise: [[0.4941428909467152, 0.0692795744324544], [0.26495718418633724, 0.22020485083501307], [0.15683335515688857, 0.2567119787337851], [-0.10577466581928302, 0.07965282190965117]] 
 VarSellers [0, 0, 0, 0] 
 VarBuyers [0, 0, 0, 0]
=======================step=500==================
 RewardSeller: [0.37582682219104613, -0.011313065361839925, -0.010044433638149126, -0.010049036307753556] 
 RewardBuyers: [-0.01, 0.50417317780895388, -0.01, -0.01] 
 SellerAction: [0.10242468740056498, 0.46236243760079837, 0.26665856145246841, 0.37002592930733336] 
 BuyerAction: [0.78034565170523029, 0.50728487995839522, 0.54383253211916249, 0.62666792421825701] 
 SellersOriginalAction: [[0.55095071, 0.64030129], [0.48534805, 0.50564814], [0.60015696, 0.47350815], [0.42100167, 0.77793306]] 
 BuyerOriginalAction: [[0.37172276, 0.53247541], [0.29051492, 0.41729236], [0.56317866, 0.43911082], [0.49951267, 0.50414079]] 
 Seller_Noise: [[-0.44852601860453145, -0.19858391131977188], [-0.02298560822515988, -0.02630495737391969], [-0.3334984014190831, -0.19876846257179331], [-0.05097574343741762, 0.18400581480226294]] 
 Buyer_noise: [[0.6057768566846955, 0.247870239813293], [0.2167699637768309, -0.04369213020110435], [0.1860926448646265, 0.10472171659410756], [0.10409657112792071, 0.12252712994106588]] 
 VarSellers [0, 0, 0, 0] 
 VarBuyers [0, 0, 0, 0]
=======================step=520==================
 RewardSeller: [0.4231248668839572, -0.013177523025045702, 0.22312486688395716, -0.010004806360231542] 
 RewardBuyers: [0.5568751331160429, 0.45687513311604283, -0.01, -0.01] 
 SellerAction: [0.23111196286453883, 0.66369522128945713, 0.22253075308806264, 0.3219234126712584] 
 BuyerAction: [0.63513777090337553, 0.667130150179291, 0.60139648488033015, 0.51672356604610215] 
 SellersOriginalAction: [[0.5747363, 0.67390639], [0.50066125, 0.50697857], [0.60054827, 0.46231419], [0.44141591, 0.73695278]] 
 BuyerOriginalAction: [[0.35637444, 0.52652586], [0.28970227, 0.39975736], [0.55720896, 0.4742927], [0.49165714, 0.48485234]] 
 Seller_Noise: [[-0.12588478180585322, -0.44279442303405125], [-0.3325383551477971, 0.15671664987450964], [-0.018398163297805914, -0.23978343539231456], [-0.0015016404356803237, -0.4150293690059877]] 
 Buyer_noise: [[0.003576489680393066, 0.10861191583898346], [0.023674006924386187, 0.2673727947277072], [0.044187529592396746, 0.2164419579363344], [0.025066428175313554, 0.030911957738834046]] 
 VarSellers [0, 0, 0, 0] 
 VarBuyers [0, 0, 0, 0]
=======================step=540==================
 RewardSeller: [0.491841523790842, -0.010632713409793498, 0.291841523790842, 0.084443382019374916] 
 RewardBuyers: [0.488158476209158, 0.49555661798062511, -0.010538589388152423, 0.18815847620915793] 
 SellerAction: [0.2690184700323987, 0.35153795136986749, 0.30816628720329714, 0.32430748369388973] 
 BuyerAction: [0.90743067266399746, 0.42450162415886855, 0.56792471304500713, 0.69551676037838694] 
 SellersOriginalAction: [[0.55494219, 0.65123349], [0.51568419, 0.51606661], [0.62642586, 0.42894715], [0.41550916, 0.7877872]] 
 BuyerOriginalAction: [[0.44074479, 0.47766012], [0.29255033, 0.40679738], [0.5661242, 0.43871123], [0.50181615, 0.5035339]] 
 Seller_Noise: [[-0.42554123848111436, -0.3822150242493701], [-0.16414623604239448, -0.34844852426007694], [-0.1800310318785181, -0.12078086350394775], [-0.09120168063945376, -0.4046490626230782]] 
 Buyer_noise: [[0.0425812222455603, 0.42977055313045864], [0.1319512987651918, 0.23014700556685477], [0.014081097604370535, 0.12921348705852648], [0.05359985846974112, 0.19198286059429884]] 
 VarSellers [0, 0, 0, 0] 
 VarBuyers [0, 0, 0, 0]
=======================step=560==================
 RewardSeller: [0.54102238300999772, -0.01, 0.34102238300999771, 0.24102238300999773] 
 RewardBuyers: [0.43897761699000226, -0.013714413342595381, 0.23897761699000231, 0.13897761699000222] 
 SellerAction: [0.43036317133417212, 0.35334927487025308, 0.53223296870728476, 0.3091296919291423] 
 BuyerAction: [0.75994417356172439, 0.29054012908187471, 0.55907498913973186, 0.69663367298902679] 
 SellersOriginalAction: [[0.54495943, 0.63418776], [0.51821125, 0.51218164], [0.60209292, 0.48167583], [0.43004635, 0.78601217]] 
 BuyerOriginalAction: [[0.36202669, 0.5247063], [0.27268761, 0.40298778], [0.51481086, 0.49486026], [0.49498618, 0.51317227]] 
 Seller_Noise: [[-0.11459625459203637, -0.4761675870177202], [0.4043955825313843, -0.1588323648010726], [-0.06985995302657144, -0.08610106391288047], [-0.12091665783472792, -0.16269638567360734]] 
 Buyer_noise: [[0.3979174821249568, 0.19327446575569793], [0.01785251511779389, 0.023794196817233403], [0.044264128982718955, 0.0993152310612103], [0.20164749649824315, 0.1287818674294756]] 
 VarSellers [0, 0, 0, 0] 
 VarBuyers [0, 0, 0, 0]
=======================step=580==================
 RewardSeller: [-0.01, 0.53788756037701924, 0.4378875603770192, -0.01] 
 RewardBuyers: [0.34211243962298077, -0.01, 0.14211243962298081, -0.010196276248547319] 
 SellerAction: [0.46319213044277929, 0.52747234351346284, 0.36845287053053788, 0.48247997122367281] 
 BuyerAction: [0.89929892092154917, 0.35512846446230212, 0.69949408188997197, 0.55990137454374533] 
 SellersOriginalAction: [[0.55049765, 0.64061028], [0.5288927, 0.51501656], [0.61216855, 0.46818337], [0.43162909, 0.77223271]] 
 BuyerOriginalAction: [[0.37796274, 0.51862371], [0.27589798, 0.4010303], [0.55320805, 0.45925808], [0.48989767, 0.49618447]] 
 Seller_Noise: [[-0.5489488474666306, -0.17741814720996119], [-0.0014203523903152382, -0.324285984903685], [-0.2437156799607951, -0.02483438129720572], [-0.07680784609035145, -0.2897527400914822]] 
 Buyer_noise: [[0.5213361826460212, 0.30241727038461425], [0.4837468595700175, -0.045901837585427374], [0.14628602877794195, 0.200551002282954], [0.07000370618208147, -0.012197691238625907]] 
 VarSellers [0, 0, 0, 0] 
 VarBuyers [0, 0, 0, 0]
=======================step=0==================
 RewardSeller: [0.74236653798280783, 0.2956218716188147, -0.014878068153699801, -0.010003972592574982] 
 RewardBuyers: [0.23763346201719215, 0.48437812838118527, -0.010958603065910301, -0.010260244401096671] 
 SellerAction: [0.2347245932928318, 0.14598734326352558, 0.898431682679115, 0.31993136366378849] 
 BuyerAction: [0.97421308570708331, 0.66525639997410391, 0.49038684364027735, 0.53867907727245334] 
 SellersOriginalAction: [[0.54651326, 0.61324841], [0.52493405, 0.51326108], [0.6428473, 0.43753767], [0.41596317, 0.82406706]] 
 BuyerOriginalAction: [[0.37467697, 0.52380562], [0.28990662, 0.40146065], [0.55468851, 0.4599781], [0.50322914, 0.50045848]] 
 Seller_Noise: [[-0.31178866611802636, -0.43318906054109446], [-0.41962621779386944, -0.3672737365246824], [0.2555843831033093, -0.10043045905215808], [-0.09603180924880916, -0.026471025015333216]] 
 Buyer_noise: [[0.5995361130794435, -0.4052863557319326], [0.5686916834690335, 0.26379575239109615], [0.03460282891575695, 0.030408740002582042], [0.08226184140920292, 0.03822059834484101]] 
 VarSellers [0, 0, 0, 0] 
 VarBuyers [0, 0, 0, 0]
=======================step=20==================
 RewardSeller: [0.5619458289379585, -0.01, -0.01, 0.26194582893795854] 
 RewardBuyers: [-0.011774464791070879, -0.013387999661947581, 0.2180541710620415, 0.11805417106204143] 
 SellerAction: [0.34481633161942515, 0.18842877726292545, 0.22961004783583661, 0.49299846255995156] 
 BuyerAction: [0.57875603374399787, 0.31793474060483728, 0.78798282311570977, 0.65089319531596557] 
 SellersOriginalAction: [[0.55722386, 0.63109046], [0.55669308, 0.52877271], [0.62360615, 0.44205755], [0.41718394, 0.79155076]] 
 BuyerOriginalAction: [[0.34072614, 0.53929901], [0.27688327, 0.40724355], [0.53486091, 0.45855063], [0.49405119, 0.50591356]] 
 Seller_Noise: [[-0.3786815798926221, -0.28627413058836904], [-0.3682642998244769, 0.1351260005739403], [-0.3939960975460909, -0.23589744152763648], [-0.046971662447951174, -0.2985522929408419]] 
 Buyer_noise: [[0.08630531227134562, 0.03945702251352909], [0.5701033849960657, -0.0893088092189237], [0.041591563280200895, 0.32943219111574035], [0.19870333326922027, 0.14497963969386474]] 
 VarSellers [0, 0, 0, 0] 
 VarBuyers [0, 0, 0, 0]
=======================step=40==================
 RewardSeller: [-0.01, 0.4333590504366581, 0.3333590504366581, -0.010663607195399199] 
 RewardBuyers: [0.4466409495633419, 0.3466409495633419, -0.010782753787977361, -0.01] 
 SellerAction: [0.47194672064225363, 0.38758767194368776, 0.27474594147445319, 0.55760574438455324] 
 BuyerAction: [0.83237155919582095, 0.69913042892962851, 0.52022262636564753, 0.3702233351314056] 
 SellersOriginalAction: [[0.56743675, 0.63326699], [0.51209378, 0.50802147], [0.61669725, 0.45791829], [0.41672862, 0.81585652]] 
 BuyerOriginalAction: [[0.3520205, 0.53151691], [0.2554723, 0.37311763], [0.52231014, 0.47350389], [0.4942835, 0.51512343]] 
 Seller_Noise: [[-0.0954900340612681, 0.15347405131644323], [0.33603481068052293, -0.12043380194089476], [-0.31821983521706343, -0.18317234484909417], [-0.046006277691512804, -0.2582507719766834]] 
 Buyer_noise: [[0.4092331202681398, 0.3008546495965167], [0.12734245087819243, 0.3260128032162801], [0.047453883809455255, 0.04671873871229674], [-0.12406016220212102, 0.18462861149605994]] 
 VarSellers [0, 0, 0, 0] 
 VarBuyers [0, 0, 0, 0]
=======================step=20==================
 RewardSeller: [0.4268865946167653, 0.42571623828664062, -0.013737719406399397, 0.12688659461676532] 
 RewardBuyers: [0.5531134053832347, -0.011221502728029638, 0.25428376171335942, 0.2531134053832346] 
 SellerAction: [0.01364023424814742, 0.38582198102881432, 0.81136890715830456, 0.36410448389232297] 
 BuyerAction: [0.84220023191241045, 0.55049996737773577, 0.59995663425428047, 0.50966870534120767] 
 SellersOriginalAction: [[0.50936186, 0.65912747], [0.42515063, 0.46795937], [0.56576353, 0.47336805], [0.40971762, 0.68995935]] 
 BuyerOriginalAction: [[0.44527978, 0.44996339], [0.35449001, 0.46753624], [0.55756205, 0.51729888], [0.47656175, 0.49510625]] 
 Seller_Noise: [[-0.1501967731987039, -0.6454872395830293], [-0.03932865182946205, -0.17541544871063464], [-0.12936504793461848, 0.3380008584903969], [-0.08603418149830587, -0.3258548633557544]] 
 Buyer_noise: [[0.45972474482721704, 0.3922368410852315], [0.19600995544727012, 0.0380588786966232], [0.0423945810506977, 0.11876201086112347], [0.09787522131117189, 0.014562455293523948]] 
 VarSellers [0, 0, 0, 0] 
 VarBuyers [0, 0, 0, 0]
=======================step=40==================
 RewardSeller: [0.5441409322312027, 0.44414093223120277, 0.54127635868711654, -0.010269240148346593] 
 RewardBuyers: [0.23872364131288348, -0.015726286733255518, 0.23585906776879728, 0.1358590677687972] 
 SellerAction: [0.41668029271945345, 0.21655009524500041, 0.46251577262965282, 0.46408538885183925] 
 BuyerAction: [0.8750308955688868, 0.14327767752923282, 0.74673969188527978, 0.691601571742952] 
 SellersOriginalAction: [[0.51547295, 0.68419433], [0.42648193, 0.47309595], [0.56448603, 0.46390998], [0.42598963, 0.6762507]] 
 BuyerOriginalAction: [[0.43904597, 0.46252954], [0.35744664, 0.46696043], [0.57005084, 0.52820885], [0.47797662, 0.50138956]] 
 Seller_Noise: [[-0.13194453482013957, -0.2675140336813034], [-0.2001239745521655, -0.25654585821950765], [-0.1019702541342632, -0.06339996040470083], [-0.10236828302385717, -0.21216530733041175]] 
 Buyer_noise: [[0.43598492989734744, 0.031690942424677876], [0.24219955754280692, -0.32368275261603086], [-0.5491153756904953, 0.21853084007100973], [0.21405300857057302, 0.19021200865930335]] 
 VarSellers [0, 0, 0, 0] 
 VarBuyers [0, 0, 0, 0]
=======================step=60==================
 RewardSeller: [0.55381539381875022, -0.01, -0.01, -0.01] 
 RewardBuyers: [-0.013072036085782579, -0.012557589911668365, 0.2261846061812498, -0.010017878141241837] 
 SellerAction: [0.028011532772877878, 0.22529197209376964, 0.34766902937485888, 0.53661910352491371] 
 BuyerAction: [0.44574048625372431, 0.39427379821998904, 0.79344561998126695, 0.65771744893950168] 
 SellersOriginalAction: [[0.49712804, 0.6973173], [0.42245275, 0.46496281], [0.56516916, 0.4593018], [0.43994856, 0.65906858]] 
 BuyerOriginalAction: [[0.43823776, 0.46853644], [0.36129168, 0.51733017], [0.55164093, 0.5163728], [0.49807677, 0.49741927]] 
 Seller_Noise: [[-0.4691165068255871, 0.2207048997517528], [-0.23553319526094288, -0.2396708381841692], [-0.02201404570078941, -0.11163277016089246], [-0.10870805772320993, -0.12244948091722499]] 
 Buyer_noise: [[0.00750272976301691, 0.17971739136268328], [0.03298212146026917, 0.00886292130667093], [0.24180469218967146, 0.22627106238228487], [0.15964068221014685, 0.017750051889185683]] 
 VarSellers [0, 0, 0, 0] 
 VarBuyers [0, 0, 0, 0]
=======================step=80==================
 RewardSeller: [0.3634155558429826, -0.011000531713609239, 0.16341555584298256, -0.011101034676238818] 
 RewardBuyers: [-0.01, 0.5165844441570174, -0.01, 0.31658444415701736] 
 SellerAction: [0.032926397494041248, 0.41631182614774925, 0.22748033877513393, 0.63181842568471336] 
 BuyerAction: [0.50863980353634153, 0.70424653526744196, 0.62128893813895159, 0.5193507729108312] 
 SellersOriginalAction: [[0.5107913, 0.66085398], [0.41051194, 0.47052383], [0.55528271, 0.46762475], [0.42071915, 0.68722302]] 
 BuyerOriginalAction: [[0.39839166, 0.48742968], [0.35846752, 0.45462146], [0.56119508, 0.50573277], [0.47824955, 0.49751487]] 
 Seller_Noise: [[-0.3118774879663777, -0.6279275844776995], [-0.1770113318996119, -0.05421200808076637], [0.01907916021454412, -0.24014441493847385], [-0.04612707467575215, -0.0554045915310154]] 
 Buyer_noise: [[0.11024813950817376, 0.46796091200317125], [0.42488044325679036, 0.24962507125338862], [0.06009386262701926, 0.15610332051345238], [0.14719084341864644, 0.021835899167773943]] 
 VarSellers [0, 0, 0, 0] 
 VarBuyers [0, 0, 0, 0]
=======================step=100==================
 RewardSeller: [-0.01, 0.46965122622712807, -0.01, -0.01] 
 RewardBuyers: [-0.011090700361788039, -0.015137635635216029, 0.21034877377287198, -0.010004344761507786] 
 SellerAction: [0.10000823139545389, 0.14741869813391267, 0.35980709918321896, 0.47472746800166976] 
 BuyerAction: [0.66974246991354769, 0.18322697907803281, 0.76489373826707741, 0.67915590849236585] 
 SellersOriginalAction: [[0.50581616, 0.70459324], [0.41857174, 0.47948602], [0.55988753, 0.46043944], [0.46673658, 0.63596648]] 
 BuyerOriginalAction: [[0.3964082, 0.46298471], [0.35129204, 0.4404889], [0.58362305, 0.49299988], [0.48075515, 0.48665825]] 
 Seller_Noise: [[-0.17091370776934556, -0.6045850098192983], [-0.27115304225495757, -0.33816582840366444], [-0.12669958828319738, -0.10063234440503785], [-0.11998130110644001, -0.16123901177662006]] 
 Buyer_noise: [[0.2733342696495707, 0.0024010345599778235], [-0.16806506484629885, 0.04718117497372784], [0.18127068662370582, 0.017226871245880675], [0.19840075817422007, 0.03268186561809927]] 
 VarSellers [0, 0, 0, 0] 
 VarBuyers [0, 0, 0, 0]
=======================step=0==================
 RewardSeller: [0.4077144856935611, -0.011264038986442843, 0.2077144856935611, -0.010357924540018583] 
 RewardBuyers: [0.5722855143064389, -0.01, -0.011235595479730543, 0.2722855143064388] 
 SellerAction: [0.28994984325319262, 0.45553325954723867, 0.24175293709900494, 0.48918893731362367] 
 BuyerAction: [0.92481883563596889, 0.89735794051753937, 0.44848961896829537, 0.54547912813392962] 
 SellersOriginalAction: [[0.49665523, 0.69550186], [0.39539462, 0.46489573], [0.57138765, 0.43821526], [0.47334132, 0.58919305]] 
 BuyerOriginalAction: [[0.41244528, 0.48541802], [0.40580344, 0.51968104], [0.58705646, 0.45893431], [0.45231384, 0.51981431]] 
 Seller_Noise: [[0.2879690239024971, -0.4055520207032588], [-0.15429299590417453, -0.009362465703005474], [-0.3266991971918994, -0.19646231863829974], [-0.07470404381783179, -0.10000410877936342]] 
 Buyer_noise: [[0.346940373072179, 0.43940081395704433], [0.4915544985161966, 0.0682664436720258], [0.19178730748945225, -0.010444688130093305], [0.18042170140034466, 0.025664815675891326]] 
 VarSellers [0, 0, 0, 0] 
 VarBuyers [0, 0, 0, 0]
=======================step=120==================
 RewardSeller: [0.3443859318936508, -0.011338522846274301, -0.010140312999750271, -0.01102242734136979] 
 RewardBuyers: [-0.01, 0.5356140681063493, -0.01, -0.01] 
 SellerAction: [0.16082066521618943, 0.46585828489652942, 0.31845378835236587, 0.61975417766931351] 
 BuyerAction: [0.73178116911417412, 0.54795119857111219, 0.64131855537960913, 0.52256430688675526] 
 SellersOriginalAction: [[0.49850115, 0.70719963], [0.42783749, 0.46808901], [0.56819731, 0.47183368], [0.41388491, 0.68001097]] 
 BuyerOriginalAction: [[0.48312345, 0.4509123], [0.35950753, 0.46423486], [0.55962574, 0.53307998], [0.4844172, 0.48436216]] 
 Seller_Noise: [[0.25746387403409904, -0.546378967905301], [-0.31564966931544103, -0.002230729395233888], [-0.0348918054835371, -0.15337988774741135], [-0.014475929710879284, -0.060256796737882534]] 
 Buyer_noise: [[0.24865771764284536, 0.3093716325967402], [0.3156969391046123, 0.08371633981981522], [0.08169281055996805, 0.012089918796818915], [0.038147106798254296, 0.09070021696083459]] 
 VarSellers [0, 0, 0, 0] 
 VarBuyers [0, 0, 0, 0]
