======episode0=======
 states:
 [[0.28000000000000003, 1.0, 1.0, 0.0, 0.0, 0.0, 0.0, 0.01], [0.28000000000000003, 0.99987660542401369, 0.0, 1.0, 1.0, 0.0, 1.0, 0.01], [0.28000000000000003, 0.98201379003790845, 0.0, 1.0, 0.0, 1.0, 1.0, 0.01], [0.28000000000000003, 0.91160032279294168, 0.0, 0.0, 0.0, 0.0, 1.0, 0.01]] 
 origin_actions:
 [[0.49825588, 0.63700038], [0.54815382, 0.45264867], [0.56465948, 0.48314005], [0.44631678, 0.60394335]] 
 action:
 [0.67286724467436587, 0.8791250125243919, 0.32222461566783167, 0.55953678928557293]
======episode0=======
 states:
 [[0.72999999999999998, 1.0, 0.5411101449027906, 0.07090286716615768, 0.526401489325217, 0.323609700211276, 0.11901020123119144, 0.51000000000000001], [0.72999999999999998, 0.99987660542401369, 0.4855308462409854, 0.7212722238843228, 0.8191880883248243, 0.2514059348351575, 0.7543866027770214, 0.51000000000000001], [0.72999999999999998, 0.98201379003790845, 0.39308231330813004, 0.49016690624724835, 0.5630262093237484, 0.9243110524382933, 0.5443096413650007, 0.51000000000000001], [0.72999999999999998, 0.91160032279294168, 0.033151515803706455, 0.07847193140709896, 0.700875674019755, 0.05851532360466416, 0.017647646705935105, 0.51000000000000001]] 
 origin_actions:
 [[0.49555075, 0.64929456], [0.5244869, 0.48117971], [0.56063676, 0.50044239], [0.43465739, 0.64547229]] 
 action:
 [0.17245601889977547, 0.39700143489448142, 0.32087630270899536, 0.59499829181728736]
======episode0=======
 states:
 [[0.42000000000000004, 1.0, 0.39545043985117057, 0.9143913356773234, 0.2898577913244146, 0.7739433505396204, 0.12507440050377772, 0.92000000000000004], [0.42000000000000004, 0.99987660542401369, 0.13945789287357013, 0.320039906387267, 0.45772648359072143, 0.3383651539239365, 0.9297962432142372, 0.92000000000000004], [0.42000000000000004, 0.98201379003790845, 0.5050602256308396, 0.6333789514047863, 0.047798210191926205, 0.9348539264748856, 0.22837733320397535, 0.92000000000000004], [0.42000000000000004, 0.91160032279294168, 0.24045756753292868, 0.08656680471594391, 0.3051081156447123, 0.35945644479983974, 0.8745987586043052, 0.92000000000000004]] 
 origin_actions:
 [[0.49711931, 0.62720686], [0.51410365, 0.45704931], [0.59463054, 0.47956452], [0.44502872, 0.6517629]] 
 action:
 [0.6721262102659652, 0.37819989760323752, 0.33227015653914005, 0.60036983861479376]
======episode0=======
 states:
 [[0.42703744066076543, 1.0, 0.68484315441353716, 0.22116671553609113, 0.68453398220960748, 0.55643212841482059, 0.75720415224323556, 0.6538262498940037], [0.42703744066076543, 0.99998154210670442, 0.93812401427635728, 0.22116671553609113, 0.68453398220960748, 0.68473785940234699, 0.75720415224323556, 0.6538262498940037], [0.42703744066076543, 0.99296641284500486, 0.55336737279965287, 0.22116671553609113, 0.68453398220960748, 0.44377174877791886, 0.75720415224323556, 0.6538262498940037], [0.43355302839652532, 0.94617383723077042, 0.90222740014920055, 0.33951688143194436, 0.63677982277347278, 0, 0.61471813364100258, 0.57130423616559711]] 
 origin_actions:
 [[0.52072096, 0.69112623], [0.50177026, 0.55396783], [0.58055317, 0.53697497], [0.43268475, 0.61556309]] 
 action:
 [0.2798992228516452, 0.18550169927452781, 0.30701855588603238, 0.52503133306231387]
======episode0=======
 states:
 [[0.45390104831905742, 1.0, 0.64775724062766127, 0.11690755266181552, 0.60387130685843848, 0.39612869314156163, 0.77330693012305995, 0.6362167150485681], [0.44055738798570176, 0.99999444051766651, 0.9753632666639499, 0.26753119030829142, 0.79776212288090886, 0.20223787711909119, 0.70002125863908127, 0.55208394310297892], [0.44055738798570176, 0.99612759655932892, 0.99612759655932892, 0.26753119030829142, 0.79776212288090886, 0.28260782597487044, 0.70002125863908127, 0.55208394310297892], [0.45390104831905742, 0.97252626610082471, 0.88981853780304532, 0.11690755266181552, 0.60387130685843848, 0.60891201718920085, 0.77330693012305995, 0.6362167150485681]] 
 origin_actions:
 [[0.51993895, 0.67736578], [0.50917816, 0.52985871], [0.61948377, 0.56159502], [0.428038, 0.63320315]] 
 action:
 [0.45215865892003798, 0.40044713708161278, 0.25723490156087031, 0.87257854583099848]
======episode0=======
 states:
 [[0.44354540832534295, 1.0, 0.99999978081145746, 0.48393537645215101, 0.91361212142962267, 0.3221558987385732, 0.51606462354784899, 0.38716160005460748], [0.46909104363199738, 0.99999949565259183, 0.75963600024798994, 0.19802429160877166, 0.50130691463057653, 0.5439604133749395, 0.63641403890102044, 0.6174635974135532], [0.44354540832534295, 0.99825629866904519, 0.97324071681455682, 0.48393537645215101, 0.91361212142962267, 0.08638787857037733, 0.51606462354784899, 0.38716160005460748], [0.46909104363199738, 0.97903575918187236, 0.70241479733223733, 0.19802429160877166, 0.50130691463057653, 0.49869308536942347, 0.63641403890102044, 0.6174635974135532]] 
 origin_actions:
 [[0.49481332, 0.70059043], [0.5080505, 0.52739602], [0.65039963, 0.58017385], [0.43055862, 0.6231038]] 
 action:
 [0.18329768388972045, 0.28971664146872744, 0.57996453060002739, 0.30174370219704305]
======episode0=======
 states:
 [[0.44279163101405961, 1.0, 0.99228728848708792, 0.25873329396687761, 0.70902218231302894, 0, 0.44338820974063753, 0.60618003952927701], [0.47100779525912939, 0.99999989817397339, 0.99998651994260146, 0.25697818877542944, 0.85929083706934528, 0.34343569305863675, 0.64429174444374393, 0.42782162452079847], [0.47100779525912939, 0.99924683756528909, 0.94386492469339256, 0.25697818877542944, 0.85929083706934528, 0.22539536715466718, 0.64429174444374393, 0.42782162452079847], [0.47100779525912939, 0.98495896994896803, 0.98252598317615125, 0.25697818877542944, 0.85929083706934528, 0.25874948883462423, 0.64429174444374393, 0.42782162452079847]] 
 origin_actions:
 [[0.49446765, 0.6624698], [0.51211554, 0.52930689], [0.62463552, 0.56194258], [0.43203929, 0.63304174]] 
 action:
 [0.34224268128201357, 0.44399629746965347, 0.52659093470255014, 0.32419694885785461]
======episode0=======
 states:
 [[0.47087187047394319, 1.0, 0.69077357510935766, 0.19407901788809734, 0.45240620377423968, 0.59842229968539595, 0.80592098211190266, 0.6767573891688314], [0.44018576836786816, 0.99999997224916826, 0.99771002796882191, 0.21658993563326412, 0.74161872812328355, 0.53984991876602062, 0.60180464722511084, 0.62590142661973003], [0.44018576836786816, 0.99972542184389857, 0.73961260585833155, 0.21658993563326412, 0.74161872812328355, 0.25838127187671645, 0.60180464722511084, 0.62590142661973003], [0.47087187047394319, 0.99122706940074068, 0.6339453999111051, 0.19407901788809734, 0.45240620377423968, 0.54759379622576021, 0.80592098211190266, 0.6767573891688314]] 
 origin_actions:
 [[0.51817232, 0.68436569], [0.50227571, 0.54515451], [0.60628337, 0.55473584], [0.42536789, 0.62335312]] 
 action:
 [0.5628571128645411, 0.10701127160260404, 0.5055888142261209, 0.35677237688533525]
======episode0=======
 states:
 [[0.47445526026362528, 1.0, 0.99877514071838958, 0.24503231525904656, 0.7489677753992201, 0.33802097245085644, 0.61495715804003459, 0.39239965046623504], [0.47445526026362528, 0.99999999748250135, 0.99404556697238011, 0.24503231525904656, 0.7489677753992201, 0.31841415745333163, 0.61495715804003459, 0.39239965046623504], [0.47445526026362528, 0.99987058812011254, 0.98326161652237087, 0.24503231525904656, 0.7489677753992201, 0.30571435291679599, 0.61495715804003459, 0.39239965046623504], [0.47445526026362528, 0.99504815206560837, 0.97937609954491189, 0.24503231525904656, 0.7489677753992201, 0.30294565913236521, 0.61495715804003459, 0.39239965046623504]] 
 origin_actions:
 [[0.50525451, 0.6873557], [0.51267684, 0.53242975], [0.6121307, 0.54574555], [0.43016174, 0.62928534]] 
 action:
 [0.2796400129214911, 0.34013717601185678, 0.27189869807821282, 0.36261789661021498]
======episode0=======
 states:
 [[0.44061264763022301, 1.0, 0.90337446535171317, 0.27099584862215342, 0.89632386226364658, 0.10367613773635342, 0.72900415137784658, 0.54140574728539859], [0.44061264763022301, 0.99999999907386394, 0.99999999907386394, 0.27099584862215342, 0.89632386226364658, 0.45770277545359217, 0.72900415137784658, 0.54140574728539859], [0.47070399060304824, 0.99993664330825027, 0.55911449583075257, 0.27955416235954078, 0.32733152898986428, 0.67715085078921244, 0.65166240042292278, 0.6965571543252975], [0.47070399060304824, 0.99685118642232018, 0.55577780727353188, 0.27955416235954078, 0.32733152898986428, 0.67266847101013583, 0.65166240042292278, 0.6965571543252975]] 
 origin_actions:
 [[0.50137526, 0.67989331], [0.50620568, 0.53976816], [0.56444401, 0.4892444], [0.42879584, 0.62263119]] 
 action:
 [0.42729686971746561, 0.12456932917409352, 0.24947389491089117, 0.31967965946189303]
======episode0=======
 states:
 [[0.28000000000000003, 1.0, 0.9440027348223252, 0.07462971279124475, 0.06611700629076378, 0.042317354453715095, 0.5513019204657107, 0.63], [0.28000000000000003, 0.99987660542401369, 0.18843371009798504, 0.8816135851279421, 0.5408168186279678, 0.8564098733969293, 0.7862804871911213, 0.63], [0.28000000000000003, 0.98201379003790845, 0.33308038094875736, 0.8128956281904736, 0.3089330929368962, 0.0970298482561689, 0.449666535615172, 0.63], [0.28000000000000003, 0.91160032279294168, 0.18277558337199673, 0.8498701357379316, 0.44479561918102295, 0.4744862970817587, 0.9072573202620269, 0.63]] 
 origin_actions:
 [[0.5035007, 0.64630735], [0.53692049, 0.50144696], [0.61215657, 0.55333722], [0.45062888, 0.60165644]] 
 action:
 [0.1752226708148088, 0.41279294099704289, 0.33814443785178344, 0.94180143465775901]
======episode0=======
 states:
 [[0.44570578705240815, 1.0, 0.66285794532601472, 0.22164367183659983, 0.67906189907087267, 0.35823589788823745, 0.50535934776861668, 0.5496472145462638], [0.44570578705240815, 0.99997960091272009, 0.93628500574803464, 0.22164367183659983, 0.67906189907087267, 0.48724519602938793, 0.50535934776861668, 0.5496472145462638], [0.44570578705240815, 0.99260845865571812, 0.87016732609298619, 0.22164367183659983, 0.67906189907087267, 0.44994739907027781, 0.50535934776861668, 0.5496472145462638], [0.43288747455832044, 0.94617383723077042, 0.90222740014920055, 0.34004743740421928, 0.63681014095824473, 0, 0.60515627412973882, 0.57092375152957309]] 
 origin_actions:
 [[0.51292634, 0.6610558], [0.50700438, 0.53550065], [0.5945273, 0.52347636], [0.43301666, 0.61568671]] 
 action:
 [0.2677210012803079, 0.18202353225893109, 0.30273158717348081, 0.52511948779698747]
======episode0=======
 states:
 [[0.45584509526417605, 1.0, 0.6429601378600831, 0.11574632491213555, 0.60379450430648984, 0.39620549569351027, 0.7749022184280947, 0.6347287727577342], [0.44059821853448988, 0.99999496956969813, 0.97620705760183546, 0.268020185636485, 0.79766649685720414, 0.20233350314279586, 0.6948827244633361, 0.54531478311122128], [0.44059821853448988, 0.99631576010056411, 0.99631576010056411, 0.268020185636485, 0.79766649685720414, 0.28288279639003772, 0.6948827244633361, 0.54531478311122128], [0.45584509526417605, 0.96972430801304954, 0.89468679418024011, 0.11574632491213555, 0.60379450430648984, 0.60390678374714346, 0.7749022184280947, 0.6347287727577342]] 
 origin_actions:
 [[0.51987141, 0.67740291], [0.50943494, 0.52956241], [0.61942995, 0.56110078], [0.42804983, 0.63311493]] 
 action:
 [0.45209993047302255, 0.40063568051959925, 0.630571741627584, 0.3995229446003904]
======episode0=======
 states:
 [[0.44809832491633073, 1.0, 0.99999978081145746, 0.47927671373167535, 0.91449068832303793, 0.32184458600120747, 0.52072328626832465, 0.39015909389091585], [0.46042874334249739, 0.99999924760226688, 0.76597369156971862, 0.17545297263751691, 0.50111895910518878, 0.54416135858966808, 0.77289456762091746, 0.6737934535035464], [0.44809832491633073, 0.99825629866904519, 0.97324071681455682, 0.47927671373167535, 0.91449068832303793, 0.085509311676962074, 0.52072328626832465, 0.39015909389091585], [0.46042874334249739, 0.98259318406800378, 0.70866082502943561, 0.17545297263751691, 0.50111895910518878, 0.49888104089481111, 0.77289456762091746, 0.6737934535035464]] 
 origin_actions:
 [[0.49503082, 0.70036626], [0.50821602, 0.53083241], [0.65041322, 0.58045936], [0.42623416, 0.62302756]] 
 action:
 [0.18337825318409828, 0.29124201766840718, 0.57997599522856869, 0.43389720218260613]
======episode0=======
 states:
 [[0.4494813607315592, 1.0, 0.99228728848708792, 0.25845477485662283, 0.7083951221481517, 0, 0.62711023558986834, 0.60656312095591858], [0.46580618331353774, 0.99999984809342624, 0.99998206200316542, 0.26046268758576874, 0.85932840904755048, 0.34035172345786407, 0.64245791504946803, 0.4277097711775568], [0.46580618331353774, 0.99935782029941411, 0.9567920255050737, 0.26046268758576874, 0.85932840904755048, 0.22535630781142918, 0.64245791504946803, 0.4277097711775568], [0.46580618331353774, 0.98771598992634702, 0.98549642030861795, 0.26046268758576874, 0.85932840904755048, 0.25566700659888442, 0.64245791504946803, 0.4277097711775568]] 
 origin_actions:
 [[0.49862045, 0.66461098], [0.51213062, 0.52917945], [0.62536567, 0.56203556], [0.43199968, 0.63286996]] 
 action:
 [0.34511701896105945, 0.44389418619066551, 0.5271525048352359, 0.32418969059798464]
======episode0=======
 states:
 [[0.46199847640617264, 1.0, 0.70657097684341297, 0.19412451245017559, 0.45249434149389567, 0.59834355528752037, 0.80587548754982441, 0.6766905730279644], [0.44742547955892065, 0.99999996933058788, 0.56470363914416943, 0.21690796721548378, 0.46382891533741955, 0.53617108466258045, 0.45100812510707561, 0.70901574834793546], [0.44742547955892065, 0.99971134798441541, 0.71859439257085611, 0.21690796721548378, 0.46382891533741955, 0.69886617277565399, 0.45100812510707561, 0.70901574834793546], [0.46199847640617264, 0.99286430160748274, 0.63909274516285131, 0.19412451245017559, 0.45249434149389567, 0.54750565850610444, 0.80587548754982441, 0.6766905730279644]] 
 origin_actions:
 [[0.51852185, 0.68468195], [0.51090986, 0.5038656], [0.57243282, 0.49446672], [0.42532024, 0.62297285]] 
 action:
 [0.56311722300286926, 0.10716175638232683, 0.4801278909325214, 0.35675079699036721]
======episode0=======
 states:
 [[0.46607131254699141, 1.0, 0.99915893483769114, 0.24496827983956471, 0.7499506839992951, 0.34245888147573628, 0.61440196441779726, 0.3926898777852879], [0.46607131254699141, 0.99999999541281825, 0.99424271387809182, 0.24496827983956471, 0.7499506839992951, 0.32193947117749905, 0.61440196441779726, 0.3926898777852879], [0.46607131254699141, 0.99988834665937043, 0.9806747678931631, 0.24496827983956471, 0.7499506839992951, 0.30658805393724814, 0.61440196441779726, 0.3926898777852879], [0.46607131254699141, 0.99599472226021413, 0.9806747678931631, 0.24496827983956471, 0.7499506839992951, 0.30643955383743021, 0.61440196441779726, 0.3926898777852879]] 
 origin_actions:
 [[0.50532568, 0.68775898], [0.51261979, 0.53269202], [0.61186123, 0.54557931], [0.43030304, 0.62913489]] 
 action:
 [0.27967940179387546, 0.34010398340593939, 0.27186412858255404, 0.36268586941312775]
======episode0=======
 states:
 [[0.44605415366755574, 1.0, 0.88504481144183234, 0.27092278900964084, 0.89632420383680811, 0.10367579616319184, 0.72907721099035916, 0.54145678654220897], [0.44605415366755574, 0.99999999924174388, 0.99999999924174388, 0.27092278900964084, 0.89632420383680811, 0.45795658297121633, 0.72907721099035916, 0.54145678654220897], [0.46598728204465067, 0.99994982783531616, 0.99852444048444045, 0.27996538055078202, 0.70518230190649023, 0.33673239173123298, 0.65151595478352142, 0.48403423322438877], [0.46598728204465067, 0.99760567818994439, 0.99153368770842554, 0.27996538055078202, 0.70518230190649023, 0.29481769809350983, 0.65151595478352142, 0.48403423322438877]] 
 origin_actions:
 [[0.50178283, 0.67904842], [0.50620878, 0.53966296], [0.61037719, 0.54595286], [0.42991322, 0.62791151]] 
 action:
 [0.42764422668394209, 0.1245634516511806, 0.25570940333666431, 0.31985039189476722]
======episode0=======
 states:
 [[0.44999999999999996, 1.0, 0.31880835946716723, 0.15867523355239377, 0.9399816096735912, 0.7328989072762846, 0.4373357061725057, 0.64000000000000001], [0.44999999999999996, 0.99987660542401369, 0.09013001337102233, 0.541581213512754, 0.5815876623835861, 0.17310533756734314, 0.3739274394211035, 0.64000000000000001], [0.44999999999999996, 0.98201379003790845, 0.7317703446361457, 0.0638064768675688, 0.7047712256244282, 0.7236575587773352, 0.4411104443502917, 0.64000000000000001], [0.44999999999999996, 0.91160032279294168, 0.6686090110150172, 0.42670236861704847, 0.5158318974993452, 0.950565113435275, 0.40991378575853654, 0.64000000000000001]] 
 origin_actions:
 [[0.50486845, 0.71398896], [0.38327968, 0.50109339], [0.56135648, 0.48202923], [0.40973288, 0.69105166]] 
 action:
 [0.29765698368908067, 0.49080216513858244, 0.2494323868506173, 0.89316443247463762]
======episode0=======
 states:
 [[0.45177357839333987, 1.0, 0.6136070778047783, 0.36886130217591395, 0.69817070297949324, 0.30182929702050676, 0.58584179869768882, 0.4664839974222964], [0.46235058770053472, 0.99997508461106066, 0.8942715191326428, 0.29023393152710408, 0.63886682055703126, 0.41991225697655699, 0.70976606847289592, 0.60517620176391773], [0.46235058770053472, 0.99183742884684012, 0.82710074038097692, 0.29023393152710408, 0.63886682055703126, 0.36113317944296874, 0.70976606847289592, 0.60517620176391773], [0.45177357839333987, 0.94784643692158232, 0.94784643692158232, 0.36886130217591395, 0.69817070297949324, 0.65329649788549338, 0.58584179869768882, 0.4664839974222964]] 
 origin_actions:
 [[0.50962222, 0.65965348], [0.42242292, 0.46826679], [0.56938219, 0.47432515], [0.40951249, 0.68943256]] 
 action:
 [0.013651119719330862, 0.3834241953753133, 0.81171172554825577, 0.36401788682699299]
======episode0=======
 states:
 [[0.45295641246119467, 1.0, 0.89247537870737892, 0.17041250106569095, 0.69939330272753819, 0.30060669727246186, 0.7777874896098893, 0.62985513566084328], [0.47731865640918458, 0.99999662799613631, 0.95257412682243336, 0.36844937349542528, 0.66449636016817104, 0.3868203186456311, 0.35497102833221772, 0.48352713316820184], [0.47731865640918458, 0.99698158367529166, 0.90567248033807302, 0.36844937349542528, 0.66449636016817104, 0.33550363983182907, 0.35497102833221772, 0.48352713316820184], [0.45295641246119467, 0.96972430801304954, 0.96972430801304954, 0.17041250106569095, 0.69939330272753819, 0.40554633153671549, 0.7777874896098893, 0.62985513566084328]] 
 origin_actions:
 [[0.51552802, 0.68312711], [0.4455573, 0.47863913], [0.56236035, 0.46235996], [0.42571592, 0.67726594]] 
 action:
 [0.41603034575242098, 0.21828170680619829, 0.46098478212841509, 0.46452814423367539]
======episode0=======
 states:
 [[0.45719557795719479, 1.0, 1.0, 0.3349526839788185, 0.95972184222631529, 0.60243564950263662, 0.61427772219936794, 0.47761656854693246], [0.46879633779816687, 0.99999949565259183, 0.87264254777472949, 0.33983667761396141, 0.56887414029300798, 0.49942396056267518, 0.51045459010911987, 0.5456445910465153], [0.45719557795719479, 0.9986414800495711, 0.63437230108411713, 0.3349526839788185, 0.95972184222631529, 0.040278157773684709, 0.61427772219936794, 0.47761656854693246], [0.46879633779816687, 0.98473284611962553, 0.76753500704387578, 0.33983667761396141, 0.56887414029300798, 0.43112585970699197, 0.51045459010911987, 0.5456445910465153]] 
 origin_actions:
 [[0.50747645, 0.71410435], [0.43516642, 0.47107056], [0.55968565, 0.46162012], [0.42302167, 0.67332923]] 
 action:
 [0.028594631665649461, 0.22738876583449733, 0.34898928421835435, 0.54601658993677882]
======episode0=======
 states:
 [[0.47582189404878705, 1.0, 0.65585120025383303, 0.49935962611106011, 0.76876332589368945, 0.23123667410631055, 0.45416450812252362, 0.3659385239976252], [0.44808614325408513, 0.99999987562941317, 0.99913127865562423, 0.266155999813387, 0.78934411601673937, 0.3639324024228579, 0.69184879090918938, 0.56407722786909342], [0.47582189404878705, 0.99941889626569846, 0.99825251052204866, 0.49935962611106011, 0.76876332589368945, 0.56297819983273834, 0.45416450812252362, 0.3659385239976252], [0.44808614325408513, 0.99037131556179536, 0.97255032696267085, 0.266155999813387, 0.78934411601673937, 0.21065588398326052, 0.69184879090918938, 0.56407722786909342]] 
 origin_actions:
 [[0.50066084, 0.67200989], [0.4307684, 0.4736385], [0.55907053, 0.46049464], [0.41857493, 0.67351961]] 
 action:
 [0.68835166910145851, 0.41897078362215484, 0.22674820168157039, 0.62007572869652328]
======episode0=======
 states:
 [[0.4505819105983544, 1.0, 0.9999999974259306, 0.35827667494520343, 0.91418324098828407, 0.31776547104951358, 0.60309739373593474, 0.44520572783216616], [0.4505819105983544, 0.99999997944167807, 0.99995460213129761, 0.35827667494520343, 0.91418324098828407, 0.2772143436550128, 0.60309739373593474, 0.44520572783216616], [0.4505819105983544, 0.99976365935167777, 0.87234737467820933, 0.35827667494520343, 0.91418324098828407, 0.12636788640621671, 0.60309739373593474, 0.44520572783216616], [0.47804387280431115, 0.99308924702532797, 0.81660399484933832, 0.17759666524404805, 0.52530495427226687, 0, 0.63324372562286646, 0.6485491902418425]] 
 origin_actions:
 [[0.49947608, 0.69641209], [0.43124998, 0.48108369], [0.56175375, 0.46045461], [0.43301103, 0.64616752]] 
 action:
 [0.09884701841858401, 0.51590715780674679, 0.7915226800455154, 0.48003276320540966]
======episode0=======
 states:
 [[0.47998829559933254, 1.0, 1.0, 0.42891099293517121, 0.99929695992190692, 0.41224969859364041, 0.55289120441026496, 0.4734715501746707], [0.44817612514560501, 0.99999999624433333, 0.97162146757986423, 0.30453461988196628, 0.6124160469971005, 0.44337667399901354, 0.67510234373521016, 0.59133051734637465], [0.44817612514560501, 0.99989897080609225, 0.92534170054873244, 0.30453461988196628, 0.6124160469971005, 0.3875839530028995, 0.67510234373521016, 0.59133051734637465], [0.47998829559933254, 0.99599472226021413, 0.92234019170403092, 0.42891099293517121, 0.99929695992190692, 0.00070304007809307567, 0.55289120441026496, 0.4734715501746707]] 
 origin_actions:
 [[0.49824831, 0.70732248], [0.42819521, 0.46814683], [0.56824446, 0.47139385], [0.41428629, 0.68014503]] 
 action:
 [0.16084860081102892, 0.46591575101666566, 0.31826213195915476, 0.61986697261721568]
======episode0=======
 states:
 [[0.4474932561743179, 1.0, 0.98954329376808181, 0.17997905339043907, 0.62545496497800257, 0, 0.66723096095527767, 0.68637817313329186], [0.4818497206500717, 0.99999999907386394, 0.99986486361829319, 0.45694353435635682, 0.78542311195632797, 0.42646197344156089, 0.52929865202264237, 0.4649898364772874], [0.4818497206500717, 0.99991569224398469, 0.92854268869708834, 0.45694353435635682, 0.78542311195632797, 0.32653100018693026, 0.52929865202264237, 0.4649898364772874], [0.4818497206500717, 0.99760567818994439, 0.88643118261367793, 0.45694353435635682, 0.78542311195632797, 0.3145078612983026, 0.52929865202264237, 0.4649898364772874]] 
 origin_actions:
 [[0.50028211, 0.67220879], [0.43514252, 0.4748548], [0.56386518, 0.45912448], [0.40960103, 0.68289602]] 
 action:
 [0.15486459303448608, 0.33614076206348087, 0.32010209961769498, 0.5982622571321371]
======episode0=======
 states:
 [[0.45119457501612104, 1.0, 0.90899042691983412, 0.51661078294833795, 0.53846238864424478, 0.54639600082061146, 0.48338921705166205, 0.47683373534288997], [0.47944356628799278, 0.99999999979335108, 0.99999983916024904, 0.3169482051759962, 0.86930108860482458, 0.50129827162118179, 0.65245997171403036, 0.5781188700071528], [0.45119457501612104, 0.99998059576864162, 0.70024920830978588, 0.51661078294833795, 0.53846238864424478, 0.46153761135575522, 0.48338921705166205, 0.47683373534288997], [0.47863623239898423, 0.99856962480633393, 0.62542941809239483, 0.28032496231112947, 0.41860065800409563, 0, 0.56325995719163036, 0.6505371898423875]] 
 origin_actions:
 [[0.50953943, 0.66288507], [0.43759361, 0.47202], [0.5626899, 0.46169984], [0.43965062, 0.63887143]] 
 action:
 [0.28823091097703285, 0.68972804123160925, 0.49010629232831526, 0.32078298163467556]
======episode0=======
 states:
 [[0.47974356973487797, 1.0, 0.99988144322092209, 0.40963205460969487, 0.75723437951545325, 0.44724413245531813, 0.32956256332620298, 0.416566782937426], [0.47936175750008025, 0.99999999996909184, 0.99999986254924611, 0.1464187005317914, 0.85706287875573239, 0.37992487536937031, 0.74459958080869348, 0.5893644447635076], [0.47974356973487797, 0.99998248404658308, 0.9952742873976046, 0.40963205460969487, 0.75723437951545325, 0.39686802627742152, 0.32956256332620298, 0.416566782937426], [0.47936175750008025, 0.99896776896324524, 0.98166416931336387, 0.1464187005317914, 0.85706287875573239, 0.14293712124426766, 0.74459958080869348, 0.5893644447635076]] 
 origin_actions:
 [[0.50230449, 0.67662716], [0.4299973, 0.4699513], [0.56285959, 0.46349707], [0.42429155, 0.67834276]] 
 action:
 [0.90301758887389627, 0.37619509828609576, 0.32515546705871134, 0.39406641917943386]
======episode0=======
 states:
 [[0.45177746705599042, 1.0, 0.99999998581993288, 0.3927457613910208, 0.85738857922655476, 0.29629501547430576, 0.54501212495124141, 0.40497968750894087], [0.45177746705599042, 0.99999999999310352, 0.99998542755598585, 0.3927457613910208, 0.85738857922655476, 0.25586625985521438, 0.54501212495124141, 0.40497968750894087], [0.45177746705599042, 0.99999567026548053, 0.99607550493528774, 0.3927457613910208, 0.85738857922655476, 0.18304017639253661, 0.54501212495124141, 0.40497968750894087], [0.48182397141363031, 0.99935379670928037, 0.99345327575861964, 0.14807788569745872, 0.64670852135129464, 0, 0.82482351752628413, 0.6026067964756233]] 
 origin_actions:
 [[0.50620323, 0.67770839], [0.42880654, 0.47434562], [0.56627291, 0.46011022], [0.43557918, 0.6585812]] 
 action:
 [0.41762004911817724, 0.34817356080734829, 0.69620974379379408, 0.64074458111852195]
======episode0=======
 states:
 [[0.45203579972446939, 1.0, 0.99999805452023482, 0.2812642187087866, 0.80089114475909362, 0.59180927471142508, 0.7187357812912134, 0.56284770347612123], [0.48032370828014381, 0.99999999999886002, 0.92583407657004413, 0.12463905886478832, 0.5652321120853856, 0, 0.76977463496285414, 0.655064414524913], [0.45203579972446939, 0.99999805452023482, 0.52634277302781418, 0.2812642187087866, 0.80089114475909362, 0.30380735141719767, 0.7187357812912134, 0.56284770347612123], [0.45203579972446939, 0.99970523350811757, 0.98323291952936542, 0.2812642187087866, 0.80089114475909362, 0.48711077853513374, 0.7187357812912134, 0.56284770347612123]] 
 origin_actions:
 [[0.52842933, 0.68686569], [0.39674497, 0.47366366], [0.56987727, 0.47241601], [0.42509532, 0.70032948]] 
 action:
 [0.22746993339039007, 0.16058629536907137, 0.28637897058612072, 0.49308354353716144]
======episode0=======
 states:
 [[0.48231391118822431, 1.0, 0.9959727586678121, 0.16186731650975228, 0.65400356278665805, 0.69235655558698062, 0.83057111403358552, 0.6236137141878806], [0.45323241224426281, 0.99999999999976974, 0.9999745029697733, 0.32298740419982641, 0.7417666336957518, 0, 0.5956882573271689, 0.55137882695139595], [0.48231391118822431, 0.99999845572177515, 0.94401192093817832, 0.16186731650975228, 0.65400356278665805, 0.65324583229423261, 0.83057111403358552, 0.6236137141878806], [0.48231391118822431, 0.99978345595010487, 0.50420865480858601, 0.16186731650975228, 0.65400356278665805, 0.38510716050609006, 0.83057111403358552, 0.6236137141878806]] 
 origin_actions:
 [[0.54173845, 0.68341929], [0.40963292, 0.47456455], [0.57896572, 0.48316237], [0.46345675, 0.67041177]] 
 action:
 [0.057559189210716899, 0.21981014266029963, 0.39408012701239492, 0.52552327746371519]
======episode0=======
 states:
 [[0.45134359524224388, 1.0, 0.81871895512543935, 0.30387041939703696, 0.69529135000897702, 0.30470864999102298, 0.69612958060296304, 0.57870330141938098], [0.48475557068538999, 0.99999999999996558, 0.99999994829843719, 0.14558385330573709, 0.83243419322323864, 0.2417696407746795, 0.77888321159325746, 0.5281728573288454], [0.48475557068538999, 0.99999934464967266, 0.99999249549840286, 0.14558385330573709, 0.83243419322323864, 0.16756580677676128, 0.77888321159325746, 0.5281728573288454], [0.45134359524224388, 0.99986447921437582, 0.99986447921437582, 0.30387041939703696, 0.69529135000897702, 0.50662066149627438, 0.69612958060296304, 0.57870330141938098]] 
 origin_actions:
 [[0.52905852, 0.64084256], [0.42384809, 0.46525514], [0.57749116, 0.47571975], [0.43157145, 0.70468211]] 
 action:
 [0.63127404041474688, 0.31485797550477401, 0.23933497421208863, 0.67572922775194677]
======episode0=======
 states:
 [[0.48527720810677222, 1.0, 0.99999999998380229, 0.2398384373231226, 0.88334227802213605, 0.58903298982987728, 0.7601615626768774, 0.4384096423273707], [0.45154426229949707, 0.99999999999999156, 0.99999930671098458, 0.091904033271578922, 0.78461765403778116, 0, 0.55079233325506405, 0.70028188049856044], [0.48527720810677222, 0.99999967917860577, 0.99192075528159429, 0.2398384373231226, 0.88334227802213605, 0.46155851936349646, 0.7601615626768774, 0.4384096423273707], [0.48527720810677222, 0.99985705978998174, 0.51586768569087593, 0.2398384373231226, 0.88334227802213605, 0.24413219244424478, 0.7601615626768774, 0.4384096423273707]] 
 origin_actions:
 [[0.53512973, 0.68009484], [0.42721674, 0.48014471], [0.57024103, 0.46867418], [0.45554698, 0.67783523]] 
 action:
 [0.48389981754659911, 0.12537162460904011, 0.27290839123185517, 0.56478947332141805]
======episode0=======
 states:
 [[0.45092210701963797, 1.0, 0.97938914366729068, 0.33080160992891794, 0.75502103454743263, 0.28857988881696656, 0.62298714951187639, 0.4869980949327154], [0.45092210701963797, 0.99999999999999734, 0.99994692492177339, 0.33080160992891794, 0.75502103454743263, 0.3296809857723636, 0.62298714951187639, 0.4869980949327154], [0.48462516535726108, 0.99999984294453648, 0.99999966498523929, 0.013432099090652017, 0.79234715839950309, 0, 0.77266935329141617, 0.5971103712549224], [0.45092210701963797, 0.99994692492177339, 0.99989656571018282, 0.33080160992891794, 0.75502103454743263, 0.32499521366504447, 0.62298714951187639, 0.4869980949327154]] 
 origin_actions:
 [[0.52836061, 0.64891112], [0.43816036, 0.46824849], [0.58555162, 0.48683301], [0.42927223, 0.7054249]] 
 action:
 [0.24046832327949497, 0.36760659868849038, 0.24346323396927719, 0.67259193473983314]
======episode0=======
 states:
 [[0.45241256528023011, 1.0, 0.99999998394697354, 0.18151543313440999, 0.81211583464303749, 0.33408606933088836, 0.70590422339404513, 0.48055703865868121], [0.4826013293580802, 0.99999999999999978, 0.9999999962023709, 0.14593295066927969, 0.83098530533612758, 0, 0.64096357251686231, 0.5115408719972965], [0.45241256528023011, 0.99999995860062441, 0.95875348707522756, 0.18151543313440999, 0.81211583464303749, 0.20265928720003318, 0.70590422339404513, 0.48055703865868121], [0.48258302373731576, 0.99994255963761802, 0.57350530232019858, 0.13766251958697073, 0.38160163297492544, 0, 0.62500695629551817, 0.7403679237190519]] 
 origin_actions:
 [[0.53490478, 0.65337682], [0.43365505, 0.48137924], [0.57562542, 0.47557443], [0.46511522, 0.66652948]] 
 action:
 [0.17010660283193435, 0.26906991751969012, 0.51626173607911152, 0.54169734035048278]
======episode0=======
 states:
 [[0.45259923257013535, 1.0, 1.0, 0.35981484214811355, 0.96639891128120559, 0.22411301644374432, 0.51363408330822113, 0.30333302503627646], [0.45259923257013535, 1.0, 0.99999999999999667, 0.35981484214811355, 0.96639891128120559, 0.18695536263466236, 0.51363408330822113, 0.30333302503627646], [0.48358123545339793, 0.99999996737200814, 0.99999992524808334, 0.25560024037656648, 0.79281990646878675, 0, 0.6425642525072921, 0.4757899265773234], [0.45259923257013535, 0.99997287836033666, 0.99974354290361866, 0.35981484214811355, 0.96639891128120559, 0.070758742527876367, 0.51363408330822113, 0.30333302503627646]] 
 origin_actions:
 [[0.52391571, 0.66667759], [0.44828674, 0.48535472], [0.58536667, 0.4688611], [0.42949399, 0.70763564]] 
 action:
 [0.39715941744415545, 0.16332345572649298, 0.22663919347320066, 0.94740226217825574]
======episode0=======
 states:
 [[0.45190665783266692, 1.0, 0.99999962637020168, 0.50056878864380394, 0.75184822438834575, 0.35204822328490637, 0.34955941900859516, 0.42404738063283348], [0.45171648906870798, 1.0, 0.99999995860062441, 0.043560330270928316, 0.79256341203402214, 0.20743658796597786, 0.74370190187767071, 0.61674426595649234], [0.45171648906870798, 0.99999999315672894, 0.99999998243122878, 0.043560330270928316, 0.79256341203402214, 0.22299424401888729, 0.74370190187767071, 0.61674426595649234], [0.45190665783266692, 0.99998379708240293, 0.98738283932066129, 0.50056878864380394, 0.75184822438834575, 0.26589325600769509, 0.34955941900859516, 0.42404738063283348]] 
 origin_actions:
 [[0.52525806, 0.64858431], [0.4499253, 0.47788987], [0.58554828, 0.48612535], [0.41820914, 0.72734481]] 
 action:
 [0.27444886136252977, 0.2122685998362146, 0.52238071332755764, 0.64378492986469393]
======episode0=======
 states:
 [[0.48767229746138974, 1.0, 0.99999996520920786, 0.33931944932712343, 0.83820063238590858, 0.41231935363326616, 0.600073228762382, 0.3818391816796192], [0.48767229746138974, 1.0, 0.99999999994301514, 0.33931944932712343, 0.83820063238590858, 0.43312371659768606, 0.600073228762382, 0.3818391816796192], [0.48767229746138974, 0.99999999383736826, 0.9785045009124661, 0.33931944932712343, 0.83820063238590858, 0.35388295759602539, 0.600073228762382, 0.3818391816796192], [0.48767229746138974, 0.9999875542342449, 0.53079208292449476, 0.33931944932712343, 0.83820063238590858, 0.26184448958017204, 0.600073228762382, 0.3818391816796192]] 
 origin_actions:
 [[0.53917503, 0.65469623], [0.4563961, 0.48515716], [0.58251899, 0.45952606], [0.44722924, 0.70916146]] 
 action:
 [0.96433340936933409, 0.40245625391501044, 0.25190943053845072, 0.36473906779399451]
======episode0=======
 states:
 [[0.48636455982263527, 1.0, 0.99408893114375618, 0.31331621840108537, 0.615266422260352, 0.4469954077656807, 0.66150132977172482, 0.5626685301499861], [0.45318550658508217, 1.0, 0.58910057479031741, 0.32037996837877891, 0.61933372822585553, 0.38066627177414458, 0.67962003162122109, 0.58993390366709808], [0.48636455982263527, 0.99999999712342835, 0.91017630138847605, 0.31331621840108537, 0.615266422260352, 0.384733577739648, 0.66150132977172482, 0.5626685301499861], [0.45318550658508217, 0.99998744920862481, 0.99863671145026922, 0.32037996837877891, 0.61933372822585553, 0.61960160217423876, 0.67962003162122109, 0.58993390366709808]] 
 origin_actions:
 [[0.54814672, 0.63829815], [0.43760976, 0.47796425], [0.5888834, 0.47645977], [0.43641388, 0.74483353]] 
 action:
 [0.49010430837391278, 0.24475444552460637, 0.46733812967773475, 0.63963968837085061]
======episode0=======
 states:
 [[0.48814260014345512, 1.0, 0.99999999999862488, 0.40843301572968937, 0.84822748061535269, 0.58569265060521503, 0.59156698427031063, 0.37166975182747897], [0.48814260014345512, 1.0, 0.52473823864850633, 0.40843301572968937, 0.84822748061535269, 0.30463408769251044, 0.59156698427031063, 0.37166975182747897], [0.48814260014345512, 0.9999999988360293, 0.87811328292054502, 0.40843301572968937, 0.84822748061535269, 0.43283108229735195, 0.59156698427031063, 0.37166975182747897], [0.45267939988999606, 0.99999134307962989, 0.99891442726608648, 0.27141170794290537, 0.6207473932579527, 0, 0.60469505547703317, 0.62378758646258037]] 
 origin_actions:
 [[0.54483855, 0.65782839], [0.44042197, 0.49145219], [0.59273088, 0.44879055], [0.43239999, 0.72551954]] 
 action:
 [0.10553819504767825, 0.4017426398088908, 0.53717694288450113, 0.5736515417942315]
======episode0=======
 states:
 [[0.48768848839113865, 1.0, 0.99999999999716294, 0.37566911557952176, 0.84239484341916937, 0.89114582335126447, 0.5244485856454898, 0.39096802050065443], [0.48768848839113865, 1.0, 0.50656417426376954, 0.37566911557952176, 0.84239484341916937, 0.15760515658083074, 0.5244485856454898, 0.39096802050065443], [0.45289882457281516, 0.99999999969171616, 0.99999999908264248, 0.10583908263607866, 0.78869117678763745, 0.31388445395629833, 0.79032888507201327, 0.57471313313296313], [0.45289882457281516, 0.99999467374646867, 0.99999188852095722, 0.10583908263607866, 0.78869117678763745, 0.21130882321236255, 0.79032888507201327, 0.57471313313296313]] 
 origin_actions:
 [[0.55194932, 0.66279191], [0.44092199, 0.49937564], [0.59223998, 0.48099959], [0.43676507, 0.74474716]] 
 action:
 [0.53949465512018024, 0.1513149821827463, 0.31818657782174264, 0.319462853669084]
======episode0=======
 states:
 [[0.45145849426512996, 1.0, 0.76787430345282515, 0.19571839082736342, 0.47414270910606637, 0, 0.61114794037667119, 0.72075431368902565], [0.45160515608262819, 1.0, 0.9999993779984192, 0.35973186060830342, 0.78922101147085599, 0.21077898852914395, 0.4435020964571198, 0.47238752793972794], [0.45160515608262819, 0.99999999984691068, 0.99999999952901297, 0.35973186060830342, 0.78922101147085599, 0.28402815871929243, 0.4435020964571198, 0.47238752793972794], [0.45143992278702461, 0.99999632621976087, 0.99925909469298502, 0.22235305431420693, 0.76820340658192188, 0.34212728029354844, 0.6398949632867944, 0.55708438566333074]] 
 origin_actions:
 [[0.54308206, 0.61557859], [0.48915938, 0.50043696], [0.59635854, 0.45670474], [0.42812014, 0.76075399]] 
 action:
 [0.24077127242217256, 0.85268853852592708, 0.41115362625537666, 0.31633781866237726]
======episode0=======
 states:
 [[0.48754431549465227, 1.0, 1.0, 0.22345412203352522, 0.93984663592285533, 0.43993887876194637, 0.77654587796647478, 0.4183496210218097], [0.45215098045537538, 1.0, 0.99984928964194031, 0.2180954674724378, 0.64103214921292628, 0.35896785078707377, 0.61823943758639832, 0.51310969916879667], [0.48754431549465227, 0.99999999988162247, 0.9357502889191065, 0.22345412203352522, 0.93984663592285533, 0.060153364077144722, 0.77654587796647478, 0.4183496210218097], [0.45215098045537538, 0.99999773967570205, 0.99984928964194031, 0.2180954674724378, 0.64103214921292628, 0.36306703112609778, 0.61823943758639832, 0.51310969916879667]] 
 origin_actions:
 [[0.55807948, 0.65762514], [0.48760033, 0.49760866], [0.60963064, 0.4528026], [0.43075964, 0.754987]] 
 action:
 [0.52519417460365803, 0.14698669801201603, 0.31037496222738187, 0.49687665455853586]
======episode0=======
 states:
 [[0.4529807049006368, 1.0, 1.0, 0.24225890748232637, 0.89418663671910592, 0.3298737136135329, 0.47138545074548593, 0.5621627737466397], [0.48627829200778694, 1.0, 0.99999941575286122, 0.12983830922254991, 0.75197172870061402, 0.24802827129938593, 0.69359018589776356, 0.40038997862346914], [0.48627829200778694, 0.99999999995209987, 0.99999997744125146, 0.12983830922254991, 0.75197172870061402, 0.2837612762288611, 0.69359018589776356, 0.40038997862346914], [0.4529807049006368, 0.99999844094412838, 0.9999903640497485, 0.24225890748232637, 0.89418663671910592, 0.10581336328089408, 0.47138545074548593, 0.5621627737466397]] 
 origin_actions:
 [[0.55095071, 0.64030129], [0.48534805, 0.50564814], [0.60015696, 0.47350815], [0.42100167, 0.77793306]] 
 action:
 [0.10242468740056498, 0.46236243760079837, 0.26665856145246841, 0.37002592930733336]
======episode0=======
 states:
 [[0.4535938679920164, 1.0, 0.9999999999999778, 0.21282328936915962, 0.83990578265113069, 0.97536306164223163, 0.69813047831882591, 0.59905196264624905], [0.4535938679920164, 1.0, 0.50243188743802258, 0.21282328936915962, 0.83990578265113069, 0.57432330237680929, 0.69813047831882591, 0.59905196264624905], [0.4535938679920164, 0.9999999999853999, 0.50096711678231365, 0.21282328936915962, 0.83990578265113069, 0.56113397661429154, 0.69813047831882591, 0.59905196264624905], [0.48641304537182239, 0.99999857232153955, 0.77998177427570048, 0.34905045330638407, 0.51287609130060297, 0, 0.65094954669361593, 0.5690367276965065]] 
 origin_actions:
 [[0.5747363, 0.67390639], [0.50066125, 0.50697857], [0.60054827, 0.46231419], [0.44141591, 0.73695278]] 
 action:
 [0.23111196286453883, 0.66369522128945713, 0.22253075308806264, 0.3219234126712584]
======episode0=======
 states:
 [[0.4524742110432971, 1.0, 1.0, 0.45757830159741886, 0.87671350530024128, 0.35428759811247051, 0.538206103523863, 0.42183877706802392], [0.4524742110432971, 1.0, 0.99999999999999289, 0.45757830159741886, 0.87671350530024128, 0.34199929521636513, 0.538206103523863, 0.42183877706802392], [0.4524742110432971, 0.99999999999406408, 0.73890654444879822, 0.45757830159741886, 0.87671350530024128, 0.2141362115570411, 0.538206103523863, 0.42183877706802392], [0.4524742110432971, 0.99999944260994145, 0.99989782069847388, 0.45757830159741886, 0.87671350530024128, 0.27572618415129352, 0.538206103523863, 0.42183877706802392]] 
 origin_actions:
 [[0.55494219, 0.65123349], [0.51568419, 0.51606661], [0.62642586, 0.42894715], [0.41550916, 0.7877872]] 
 action:
 [0.2690184700323987, 0.35153795136986749, 0.30816628720329714, 0.32430748369388973]
======episode0=======
 states:
 [[0.48735226746304128, 1.0, 0.69862616856633497, 0.27304668355522388, 0.48254572742381374, 0, 0.72695331644477612, 0.6222037945104812], [0.4528119169930741, 1.0, 0.88409012217423399, 0.084363434842913865, 0.64649987461917047, 0.36930423107435756, 0.65360100311187297, 0.58968532144181374], [0.4528119169930741, 0.99999999999746292, 0.99996919353258384, 0.084363434842913865, 0.64649987461917047, 0.43785860741065802, 0.65360100311187297, 0.58968532144181374], [0.4528119169930741, 0.99999965706147342, 0.9990889488055994, 0.084363434842913865, 0.64649987461917047, 0.42205450171712999, 0.65360100311187297, 0.58968532144181374]] 
 origin_actions:
 [[0.54495943, 0.63418776], [0.51821125, 0.51218164], [0.60209292, 0.48167583], [0.43004635, 0.78601217]] 
 action:
 [0.43036317133417212, 0.35334927487025308, 0.53223296870728476, 0.3091296919291423]
======episode0=======
 states:
 [[0.48745724989990802, 1.0, 0.51037757085074176, 0.29534074026434709, 0.78860728900253585, 0.27625536494074476, 0.64568515787833236, 0.5185880984655349], [0.45277988298036342, 1.0, 0.99997822429487637, 0.21693525554736615, 0.65021841008775505, 0.38396701601359795, 0.65281167645455851, 0.56946133170756807], [0.45277988298036342, 0.99999999999891553, 0.99966984727490216, 0.21693525554736615, 0.65021841008775505, 0.34978158991224501, 0.65281167645455851, 0.56946133170756807], [0.45281822990223919, 0.999999782889058, 0.99606574179458407, 0.26363178944860111, 0.59219918149316064, 0, 0.73636821055139889, 0.63779799293803108]] 
 origin_actions:
 [[0.55049765, 0.64061028], [0.5288927, 0.51501656], [0.61216855, 0.46818337], [0.43162909, 0.77223271]] 
 action:
 [0.46319213044277929, 0.52747234351346284, 0.36845287053053788, 0.48247997122367281]
======episode1=======
 states:
 [[0.45129216725824328, 1.0, 0.34822909083070896, 0.3041577926858291, 0.6199508371004956, 0.2742950503473385, 0.2972161098531487, 0.68740255086341828], [0.45129216725824328, 0.99987660542401369, 0.15643046008077444, 0.08151621646460849, 0.6510619595627595, 0.9813944238565692, 0.9351326254042664, 0.68740255086341828], [0.45129216725824328, 0.98201379003790845, 0.9822115084549965, 0.6540143569948567, 0.9020816577462457, 0.05402377239074774, 0.10381459387268621, 0.68740255086341828], [0.45129216725824328, 0.91160032279294168, 0.7337926090582102, 0.5926916560987167, 0.9115408991051163, 0.4216790604521774, 0.4974868297636291, 0.68740255086341828]] 
 origin_actions:
 [[0.54651326, 0.61324841], [0.52493405, 0.51326108], [0.6428473, 0.43753767], [0.41596317, 0.82406706]] 
 action:
 [0.2347245932928318, 0.14598734326352558, 0.898431682679115, 0.31993136366378849]
======episode1=======
 states:
 [[0.48364166266442155, 1.0, 0.69512874341474862, 0.36791409329248836, 0.70748182428373618, 0.31561840028656812, 0.32482536057907857, 0.4623020412118877], [0.48364166266442155, 1.0, 0.99997654438894679, 0.36791409329248836, 0.70748182428373618, 0.40706668155584314, 0.32482536057907857, 0.4623020412118877], [0.48364166266442155, 0.9999999999994007, 0.9999999609656407, 0.36791409329248836, 0.70748182428373618, 0.43016690612614739, 0.32482536057907857, 0.4623020412118877], [0.40264633006080097, 0.99999992012933692, 0.99849881774326299, 0.25391332222055452, 0.60350795070654639, 0, 0.39572454779945598, 0.64120828923364792]] 
 origin_actions:
 [[0.55722386, 0.63109046], [0.55669308, 0.52877271], [0.62360615, 0.44205755], [0.41718394, 0.79155076]] 
 action:
 [0.34481633161942515, 0.18842877726292545, 0.22961004783583661, 0.49299846255995156]
======episode1=======
 states:
 [[0.42434243962504026, 1.0, 0.62245933120185459, 0.25411116909426046, 0.61208816800492949, 0.48625394014565632, 0.46021446256487758, 0.63849573123253878], [0.50398029763100549, 1.0, 0.99999997832397103, 0.59982282537281328, 0.71291332176130628, 0, 0.40017717462718666, 0.34363192643294016], [0.42434243962504026, 0.99999999999991096, 0.65361360076374964, 0.25411116909426046, 0.61208816800492949, 0.49385212215568597, 0.46021446256487758, 0.63849573123253878], [0.42434243962504026, 0.99999991709377101, 0.9995511322701075, 0.25411116909426046, 0.61208816800492949, 0.59219423030627172, 0.46021446256487758, 0.63849573123253878]] 
 origin_actions:
 [[0.56743675, 0.63326699], [0.51209378, 0.50802147], [0.61669725, 0.45791829], [0.41672862, 0.81585652]] 
 action:
 [0.47194672064225363, 0.38758767194368776, 0.27474594147445319, 0.55760574438455324]
======episode0=======
 states:
 [[0.48408006352988919, 1.0, 0.62546743540691507, 0.36856209867765743, 0.69817265924734428, 0.30182734075265583, 0.58569863444769621, 0.46663262103749914], [0.41606688339881515, 0.99997508461106066, 0.90222740014920055, 0.29055551171493232, 0.64061904941570791, 0.42201961054017167, 0.70944448828506768, 0.60442542697483503], [0.41606688339881515, 0.99183742884684012, 0.84011593066933687, 0.29055551171493232, 0.64061904941570791, 0.35938095058429209, 0.70944448828506768, 0.60442542697483503], [0.48408006352988919, 0.94302346304627538, 0.94302346304627538, 0.36856209867765743, 0.69817265924734428, 0.65198454860265853, 0.58569863444769621, 0.46663262103749914]] 
 origin_actions:
 [[0.50936186, 0.65912747], [0.42515063, 0.46795937], [0.56576353, 0.47336805], [0.40971762, 0.68995935]] 
 action:
 [0.01364023424814742, 0.38582198102881432, 0.81136890715830456, 0.36410448389232297]
======episode0=======
 states:
 [[0.42896637765009638, 1.0, 0.91092647226443679, 0.17216545010223694, 0.69951323241875041, 0.30048676758124959, 0.78416889652159361, 0.63562888876837509], [0.48855628142486951, 0.99999662799613631, 0.94713570806127589, 0.35732375088174506, 0.66144048653717347, 0.38769068478819407, 0.58842243770526759, 0.46092965554023724], [0.48855628142486951, 0.99698158367529166, 0.90361869635211367, 0.35732375088174506, 0.66144048653717347, 0.33855951346282642, 0.58842243770526759, 0.46092965554023724], [0.42896637765009638, 0.96770453530154943, 0.96770453530154943, 0.17216545010223694, 0.69951323241875041, 0.39092206188859391, 0.78416889652159361, 0.63562888876837509]] 
 origin_actions:
 [[0.51547295, 0.68419433], [0.42648193, 0.47309595], [0.56448603, 0.46390998], [0.42598963, 0.6762507]] 
 action:
 [0.41668029271945345, 0.21655009524500041, 0.46251577262965282, 0.46408538885183925]
======episode0=======
 states:
 [[0.44701025380647796, 1.0, 1.0, 0.33513956910276188, 0.95917286036404559, 0.22129257381777617, 0.61585482816854065, 0.46318222995322306], [0.48122264645793733, 0.99999954364757149, 0.86251807323033003, 0.12913222881859809, 0.5655342198063309, 0.50224361738830114, 0.76061945484496118, 0.5763073779484109], [0.44701025380647796, 0.99795533832919037, 0.99618585528119541, 0.33513956910276188, 0.95917286036404559, 0.040827139635954413, 0.61585482816854065, 0.46318222995322306], [0.48122264645793733, 0.98257478331841386, 0.77052316040621971, 0.12913222881859809, 0.5655342198063309, 0.4344657801936691, 0.76061945484496118, 0.5763073779484109]] 
 origin_actions:
 [[0.49712804, 0.6973173], [0.42245275, 0.46496281], [0.56516916, 0.4593018], [0.43994856, 0.65906858]] 
 action:
 [0.028011532772877878, 0.22529197209376964, 0.34766902937485888, 0.53661910352491371]
======episode0=======
 states:
 [[0.48263343871543762, 1.0, 0.51060447014554389, 0.25810695501865133, 0.76897179483386802, 0.23102820516613198, 0.61369796795864962, 0.4864606250737403], [0.43757059566849699, 0.99999988746483792, 0.63289180213052509, 0.26728557757736549, 0.63620450277994189, 0.36379549722005811, 0.6913447517521788, 0.64118926422055911], [0.48263343871543762, 0.99949979889292051, 0.99846587665353603, 0.25810695501865133, 0.76897179483386802, 0.94415682373510845, 0.61369796795864962, 0.4864606250737403], [0.43757059566849699, 0.98717878573340578, 0.96992965886278826, 0.26728557757736549, 0.63620450277994189, 0.62068902487784317, 0.6913447517521788, 0.64118926422055911]] 
 origin_actions:
 [[0.5107913, 0.66085398], [0.41051194, 0.47052383], [0.55528271, 0.46762475], [0.42071915, 0.68722302]] 
 action:
 [0.032926397494041248, 0.41631182614774925, 0.22748033877513393, 0.63181842568471336]
======episode0=======
 states:
 [[0.44821401233971436, 1.0, 0.99999999712342835, 0.36221960096419903, 0.91419494159969339, 0.50085366380270346, 0.60353699662441296, 0.5366859128542395], [0.44821401233971436, 0.9999999772795406, 0.72295833318715619, 0.36221960096419903, 0.91419494159969339, 0.27320319070868992, 0.60353699662441296, 0.5366859128542395], [0.44821401233971436, 0.99961317174935749, 0.86245370200677407, 0.36221960096419903, 0.91419494159969339, 0.31345553149432004, 0.60353699662441296, 0.5366859128542395], [0.47897261583247674, 0.99372268681846754, 0.52807694162971108, 0.046039150873739998, 0.17498256638010568, 0, 0.88816186564743527, 0.8894891413730772]] 
 origin_actions:
 [[0.50581616, 0.70459324], [0.41857174, 0.47948602], [0.55988753, 0.46043944], [0.46673658, 0.63596648]] 
 action:
 [0.10000823139545389, 0.14741869813391267, 0.35980709918321896, 0.47472746800166976]
======episode0=======
 states:
 [[0.47836764817514599, 1.0, 1.0, 0.41914612004029261, 0.99929701932840487, 0.41232608844367624, 0.55753753333603973, 0.47327363757802415], [0.44843416878915932, 0.9999999958493464, 0.96267311265587063, 0.30420417238050446, 0.61197045517295945, 0.44325489864119882, 0.67516314767855379, 0.59114779700868803], [0.44843416878915932, 0.99982779740288108, 0.90807238165629967, 0.30420417238050446, 0.61197045517295945, 0.38802954482704061, 0.67516314767855379, 0.59114779700868803], [0.47836764817514599, 0.99636282149874045, 0.93286650111541791, 0.41914612004029261, 0.99929701932840487, 0.00070298067159513256, 0.55753753333603973, 0.47327363757802415]] 
 origin_actions:
 [[0.49850115, 0.70719963], [0.42783749, 0.46808901], [0.56819731, 0.47183368], [0.41388491, 0.68001097]] 
 action:
 [0.16082066521618943, 0.46585828489652942, 0.31845378835236587, 0.61975417766931351]
======episode0=======
 states:
 [[0.37, 1.0, 0.6410450421798769, 0.4674384294937999, 0.8221560335377213, 0.6648926620837883, 0.0919085968489175, 0.20000000000000001], [0.37, 0.99987660542401369, 0.28133150125663975, 0.7460796760786215, 0.2012673142416247, 0.5283289808757914, 0.7531817347013133, 0.20000000000000001], [0.37, 0.98201379003790845, 0.11335504162209997, 0.9929592360926979, 0.47385711010710563, 0.7033252888320447, 0.7224532470239862, 0.20000000000000001], [0.37, 0.91160032279294168, 0.11098210985991286, 0.6462682339205514, 0.3880908165300998, 0.06983209499006882, 0.9476394970991514, 0.20000000000000001]] 
 origin_actions:
 [[0.49665523, 0.69550186], [0.39539462, 0.46489573], [0.57138765, 0.43821526], [0.47334132, 0.58919305]] 
 action:
 [0.28994984325319262, 0.45553325954723867, 0.24175293709900494, 0.48918893731362367]
======episode0=======
 states:
 [[0.44479905509215489, 1.0, 0.98241084837026527, 0.17996251898144977, 0.62545882396259622, 0, 0.66726987852130248, 0.68638858952420634], [0.47982660299376778, 0.99999999937919237, 0.58352919132298042, 0.45721963658741815, 0.58552770929663611, 0.42648028871034593, 0.28535901069005271, 0.47862632705797287], [0.47982660299376778, 0.99995892213223525, 0.93634610076207614, 0.45721963658741815, 0.58552770929663611, 0.53829530329298092, 0.28535901069005271, 0.47862632705797287], [0.47982660299376778, 0.99789491120573504, 0.88905071548962222, 0.45721963658741815, 0.58552770929663611, 0.52628730528599887, 0.28535901069005271, 0.47862632705797287]] 
 origin_actions:
 [[0.50044018, 0.67161715], [0.42717743, 0.48177454], [0.56248814, 0.46069139], [0.39340335, 0.69370806]] 
 action:
 [0.15472829100387042, 0.34049987144251109, 0.31964757377739261, 0.60668445151042216]
